0 -2.1236 1.48468 -0.638915
0.01 -2.36512 1.72583 -0.639286
0.02 -2.84968 2.21012 -0.639562
0.03 -3.31713 2.67747 -0.639658
0.04 -3.63397 2.99426 -0.639715
0.05 -3.80146 3.16169 -0.63977
0.06 -3.86851 3.22877 -0.639732
0.07 -3.88204 3.24211 -0.639926
0.08 -3.87474 3.23468 -0.640061
0.09 -3.86511 3.22484 -0.640265
0.1 -3.85845 3.21785 -0.640599
0.11 -3.85533 3.21463 -0.640699
0.12 -3.85801 3.21706 -0.640949
0.13 -3.86097 3.21991 -0.64106
0.14 -3.85804 3.21705 -0.640994
0.15 -3.84758 3.20639 -0.641191
0.16 -3.83054 3.18936 -0.641184
0.17 -3.81795 3.17641 -0.64154
0.18 -3.81413 3.17241 -0.641728
0.19 -3.80982 3.16785 -0.641969
0.2 -3.79885 3.15662 -0.64223
0.21 -3.78598 3.14394 -0.642041
0.22 -3.78246 3.14074 -0.641722
0.23 -3.79975 3.15808 -0.641675
0.24 -3.82597 3.18434 -0.64163
0.25 -3.84488 3.20316 -0.641722
0.26 -3.85565 3.21402 -0.64163
0.27 -3.85434 3.21242 -0.641925
0.28 -3.8442 3.20228 -0.641915
0.29 -3.84135 3.19945 -0.641898
0.3 -3.84772 3.20576 -0.641957
0.31 -3.85737 3.2153 -0.642074
0.32 -3.86244 3.22043 -0.642012
0.33 -3.85964 3.21756 -0.64208
0.34 -3.84444 3.20219 -0.642254
0.35 -3.82609 3.18404 -0.642046
0.36 -3.8176 3.17544 -0.642167
0.37 -3.81812 3.17605 -0.642074
0.38 -3.81974 3.17782 -0.641918
0.39 -3.8202 3.17827 -0.64193
0.4 -3.823 3.18118 -0.641818
0.41 -3.83004 3.18825 -0.641789
0.42 -3.84384 3.2021 -0.641733
0.43 -3.85884 3.21708 -0.641766
0.44 -3.85802 3.21634 -0.641677
0.45 -3.85133 3.20968 -0.641651
0.46 -3.85248 3.21093 -0.64155
0.47 -3.85541 3.2137 -0.641703
0.48 -3.85479 3.21298 -0.641803
0.49 -3.84694 3.20515 -0.641791
0.5 -3.83308 3.19138 -0.641699
0.51 -3.8215 3.17974 -0.64176
0.52 -3.81892 3.17703 -0.641881
0.53 -3.82872 3.1871 -0.641619
0.54 -3.83898 3.19755 -0.64143
0.55 -3.84128 3.19999 -0.641293
0.56 -3.84151 3.2003 -0.641207
0.57 -3.84277 3.20132 -0.641457
0.58 -3.84536 3.20372 -0.641642
0.59 -3.84962 3.20794 -0.641685
0.6 -3.85452 3.21286 -0.641656
0.61 -3.8595 3.21767 -0.641831
0.62 -3.86349 3.22152 -0.641972
0.63 -3.86717 3.22528 -0.641887
0.64 -3.86765 3.22563 -0.642022
0.65 -3.85779 3.2156 -0.642183
0.66 -3.84525 3.20332 -0.641924
0.67 -3.84767 3.20581 -0.641857
0.68 -3.85973 3.21775 -0.641979
0.69 -3.86943 3.22747 -0.641963
0.7 -3.87063 3.22854 -0.642094
0.71 -3.86708 3.22502 -0.642063
0.72 -3.86299 3.22104 -0.641943
0.73 -3.85742 3.21543 -0.641997
0.74 -3.85197 3.2099 -0.64207
0.75 -3.84448 3.20246 -0.642021
0.76 -3.83441 3.19267 -0.64174
0.77 -3.82799 3.186 -0.641987
0.78 -3.82628 3.18436 -0.64192
0.79 -3.82673 3.18488 -0.641852
0.8 -3.82907 3.18711 -0.641965
0.81 -3.82985 3.18787 -0.641977
0.82 -3.8245 3.18268 -0.641815
0.83 -3.81265 3.17096 -0.641683
0.84 -3.80503 3.16345 -0.641581
0.85 -3.80902 3.16779 -0.641232
0.86 -3.81442 3.17294 -0.641475
0.87 -3.81563 3.17402 -0.641609
0.88 -3.82658 3.18497 -0.641608
0.89 -3.8449 3.20332 -0.641578
0.9 -3.85788 3.21629 -0.641597
0.91 -3.86047 3.21902 -0.641448
0.92 -3.85609 3.21472 -0.641371
0.93 -3.84716 3.20573 -0.641433
0.94 -3.84131 3.19991 -0.641395
0.95 -3.8435 3.20215 -0.64135
0.96 -3.85056 3.2091 -0.641459
0.97 -3.86266 3.22082 -0.641837
0.98 -3.87214 3.23011 -0.64203
0.99 -3.87451 3.23229 -0.642214
1 -3.87402 3.23178 -0.642244
1.01 -3.87462 3.23254 -0.642083
1.02 -3.87758 3.23555 -0.642027
1.03 -3.88236 3.24026 -0.642091
1.04 -3.88523 3.24326 -0.641973
1.05 -3.88619 3.24433 -0.641866
1.06 -3.88011 3.23827 -0.641833
1.07 -3.86913 3.22738 -0.641749
1.08 -3.86103 3.21918 -0.641848
1.09 -3.8535 3.21161 -0.641893
1.1 -3.84867 3.20663 -0.642045
1.11 -3.84576 3.20359 -0.642166
1.12 -3.8401 3.19819 -0.641908
1.13 -3.8354 3.19346 -0.641947
1.14 -3.83288 3.19105 -0.641825
1.15 -3.83346 3.19161 -0.641854
1.16 -3.83685 3.19496 -0.641885
1.17 -3.83699 3.19517 -0.641819
1.18 -3.83528 3.19351 -0.641764
1.19 -3.83593 3.1942 -0.641725
1.2 -3.84024 3.19841 -0.641829
1.21 -3.84505 3.20342 -0.641633
1.22 -3.85054 3.20898 -0.641552
1.23 -3.85451 3.21288 -0.641626
1.24 -3.85284 3.21116 -0.641682
1.25 -3.84187 3.20027 -0.641601
1.26 -3.8276 3.18598 -0.641625
1.27 -3.82364 3.18195 -0.641699
1.28 -3.83363 3.19203 -0.641601
1.29 -3.84665 3.20489 -0.64176
1.3 -3.85379 3.21186 -0.641932
1.31 -3.86063 3.21867 -0.641958
1.32 -3.87155 3.22949 -0.64206
1.33 -3.87885 3.23671 -0.642147
1.34 -3.87397 3.23172 -0.642245
1.35 -3.85944 3.21714 -0.642306
1.36 -3.85197 3.20962 -0.642352
1.37 -3.85705 3.21485 -0.6422
1.38 -3.8609 3.21878 -0.642119
1.39 -3.8565 3.21431 -0.642184
1.4 -3.85337 3.21106 -0.642312
1.41 -3.85927 3.21707 -0.642205
1.42 -3.86767 3.22549 -0.642175
1.43 -3.87054 3.22844 -0.642097
1.44 -3.87023 3.22843 -0.641801
1.45 -3.87387 3.23184 -0.642027
1.46 -3.88155 3.23948 -0.642066
1.47 -3.88322 3.24101 -0.642207
1.48 -3.87173 3.2295 -0.642222
1.49 -3.85253 3.21018 -0.642353
1.5 -3.83517 3.19283 -0.64234
1.51 -3.82193 3.17966 -0.642273
1.52 -3.81463 3.17247 -0.642168
1.53 -3.81137 3.16899 -0.642376
1.54 -3.81224 3.16971 -0.64253
1.55 -3.82611 3.1837 -0.642411
1.56 -3.84734 3.20495 -0.642389
1.57 -3.85609 3.21354 -0.642548
1.58 -3.84964 3.20731 -0.642335
1.59 -3.8365 3.19426 -0.642245
1.6 -3.82223 3.18014 -0.642098
1.61 -3.82218 3.1802 -0.641974
1.62 -3.84287 3.20105 -0.641827
1.63 -3.86988 3.22789 -0.641983
1.64 -3.88281 3.24076 -0.642058
1.65 -3.87536 3.23354 -0.641819
1.66 -3.85405 3.21235 -0.641695
1.67 -3.83476 3.19283 -0.64193
1.68 -3.82596 3.18419 -0.641775
1.69 -3.8328 3.19131 -0.641484
1.7 -3.84789 3.20628 -0.641605
1.71 -3.853 3.21168 -0.641316
1.72 -3.84022 3.19893 -0.641287
1.73 -3.81983 3.1786 -0.64123
1.74 -3.81444 3.17315 -0.641292
1.75 -3.82812 3.18664 -0.641478
1.76 -3.84508 3.20344 -0.641639
1.77 -3.85367 3.2119 -0.641767
1.78 -3.8514 3.20973 -0.641676
1.79 -3.84845 3.20679 -0.641658
1.8 -3.85764 3.21589 -0.641748
1.81 -3.87515 3.23299 -0.642151
1.82 -3.88388 3.24174 -0.642142
1.83 -3.87752 3.23542 -0.642101
1.84 -3.86448 3.22233 -0.642151
1.85 -3.85937 3.21713 -0.642241
1.86 -3.8638 3.22163 -0.642168
1.87 -3.86908 3.22705 -0.642031
1.88 -3.87046 3.22834 -0.642122
1.89 -3.86707 3.22487 -0.642193
1.9 -3.85959 3.21743 -0.642156
1.91 -3.84913 3.20729 -0.641839
1.92 -3.84717 3.20537 -0.641794
1.93 -3.85237 3.21064 -0.641736
1.94 -3.85945 3.21786 -0.641593
1.95 -3.87196 3.23036 -0.641608
1.96 -3.87984 3.23823 -0.641604
1.97 -3.88177 3.24009 -0.641679
1.98 -3.88282 3.24108 -0.641744
1.99 -3.8814 3.23955 -0.641853
2 -3.87542 3.23372 -0.641708
2.01 -3.87411 3.23237 -0.641745
2.02 -3.87872 3.23689 -0.641834
2.03 -3.87794 3.23579 -0.642156
2.04 -3.87401 3.2319 -0.64211
2.05 -3.86718 3.22516 -0.642019
2.06 -3.85274 3.21079 -0.641955
2.07 -3.83675 3.19462 -0.64213
2.08 -3.82958 3.18736 -0.642212
2.09 -3.83805 3.19571 -0.642344
2.1 -3.84818 3.20591 -0.642264
2.11 -3.84462 3.20229 -0.642326
2.12 -3.83596 3.1938 -0.64216
2.13 -3.83561 3.19325 -0.642364
2.14 -3.8398 3.19737 -0.642435
2.15 -3.84123 3.19881 -0.642426
2.16 -3.84264 3.20028 -0.64236
2.17 -3.84701 3.20467 -0.642331
2.18 -3.85376 3.21137 -0.64239
2.19 -3.86271 3.22019 -0.642524
2.2 -3.86541 3.22311 -0.642297
2.21 -3.8618 3.21964 -0.642168
2.22 -3.85974 3.21767 -0.642071
2.23 -3.86446 3.22236 -0.642109
2.24 -3.87131 3.22908 -0.64223
2.25 -3.86949 3.22748 -0.642014
2.26 -3.8617 3.21972 -0.641985
2.27 -3.85748 3.21534 -0.642147
2.28 -3.86124 3.21921 -0.64203
2.29 -3.86496 3.22267 -0.642298
2.3 -3.86538 3.22301 -0.64237
2.31 -3.86381 3.22152 -0.642287
2.32 -3.85917 3.21688 -0.642289
2.33 -3.8553 3.21302 -0.642286
2.34 -3.85003 3.20798 -0.642045
2.35 -3.84104 3.19899 -0.642045
2.36 -3.83562 3.19347 -0.642153
2.37 -3.83445 3.19246 -0.641991
2.38 -3.83757 3.19549 -0.642081
2.39 -3.84629 3.20438 -0.641904
2.4 -3.85322 3.211 -0.642226
2.41 -3.85707 3.21476 -0.642304
2.42 -3.86447 3.22197 -0.642498
2.43 -3.87185 3.22935 -0.642498
2.44 -3.87064 3.22814 -0.642506
2.45 -3.86293 3.22043 -0.642495
2.46 -3.85722 3.21457 -0.642649
2.47 -3.85605 3.21344 -0.642606
2.48 -3.85719 3.21461 -0.642579
2.49 -3.8547 3.21217 -0.642533
2.5 -3.85431 3.21187 -0.642442
2.51 -3.85699 3.21459 -0.642402
2.52 -3.85557 3.21322 -0.642346
2.53 -3.85513 3.21279 -0.642341
2.54 -3.85871 3.2164 -0.642314
2.55 -3.86312 3.22094 -0.642175
2.56 -3.86643 3.22427 -0.642158
2.57 -3.86423 3.22213 -0.642105
2.58 -3.86061 3.21844 -0.64217
2.59 -3.86329 3.22098 -0.642311
2.6 -3.86404 3.22154 -0.6425
2.61 -3.85676 3.21445 -0.642304
2.62 -3.84679 3.20448 -0.642313
2.63 -3.84377 3.20121 -0.64256
2.64 -3.85146 3.20885 -0.642602
2.65 -3.86303 3.22039 -0.642633
2.66 -3.87015 3.2274 -0.642758
2.67 -3.87401 3.23124 -0.642774
2.68 -3.8746 3.23187 -0.642736
2.69 -3.87172 3.22912 -0.642598
2.7 -3.8672 3.22478 -0.64242
2.71 -3.86368 3.22112 -0.642557
2.72 -3.86194 3.21962 -0.642322
2.73 -3.86453 3.22216 -0.64237
2.74 -3.8732 3.23094 -0.642257
2.75 -3.8736 3.2316 -0.642
2.76 -3.86692 3.22504 -0.641884
2.77 -3.86613 3.22409 -0.642047
2.78 -3.86429 3.22242 -0.641867
2.79 -3.85349 3.21172 -0.641765
2.8 -3.84426 3.20248 -0.641782
2.81 -3.84639 3.20445 -0.641949
2.82 -3.85636 3.2143 -0.642058
2.83 -3.8632 3.2211 -0.642106
2.84 -3.86354 3.22147 -0.642065
2.85 -3.85769 3.21566 -0.642028
2.86 -3.83884 3.1968 -0.642039
2.87 -3.81102 3.16884 -0.642189
2.88 -3.79907 3.15707 -0.641994
2.89 -3.80961 3.16774 -0.641865
2.9 -3.8333 3.19138 -0.641915
2.91 -3.85319 3.21125 -0.641941
2.92 -3.85686 3.215 -0.64186
2.93 -3.85155 3.2096 -0.641956
2.94 -3.84589 3.20396 -0.641925
2.95 -3.84079 3.1989 -0.641893
2.96 -3.84221 3.20019 -0.642012
2.97 -3.84303 3.20119 -0.641843
2.98 -3.83834 3.19648 -0.641862
2.99 -3.83009 3.18829 -0.641796
3 -3.82272 3.1809 -0.641825
3.01 -3.81858 3.1768 -0.641778
3.02 -3.82076 3.17907 -0.641688
3.03 -3.83854 3.19685 -0.641691
3.04 -3.86416 3.22224 -0.64192
3.05 -3.88007 3.23834 -0.641725
3.06 -3.88305 3.24135 -0.641706
3.07 -3.87908 3.23756 -0.641518
3.08 -3.87542 3.23384 -0.641583
3.09 -3.86966 3.22807 -0.64159
3.1 -3.86415 3.22288 -0.641273
3.11 -3.86136 3.22 -0.641356
3.12 -3.85346 3.21221 -0.641251
3.13 -3.84372 3.20238 -0.641344
3.14 -3.83699 3.19551 -0.641475
3.15 -3.8425 3.201 -0.641506
3.16 -3.86039 3.21886 -0.641523
3.17 -3.87443 3.2327 -0.641722
3.18 -3.87008 3.22842 -0.641666
3.19 -3.85584 3.21408 -0.641757
3.2 -3.84668 3.20487 -0.641816
3.21 -3.84485 3.20294 -0.641915
3.22 -3.8447 3.20294 -0.641758
3.23 -3.83908 3.19723 -0.641844
3.24 -3.82916 3.18737 -0.641792
3.25 -3.82105 3.17904 -0.642019
3.26 -3.81653 3.17449 -0.642034
3.27 -3.82224 3.18005 -0.642188
3.28 -3.83153 3.18915 -0.642385
3.29 -3.83055 3.18803 -0.642519
3.3 -3.8191 3.17665 -0.642452
3.31 -3.81115 3.16877 -0.642374
3.32 -3.81603 3.17353 -0.642503
3.33 -3.83176 3.18944 -0.642319
3.34 -3.84861 3.20642 -0.642184
3.35 -3.85454 3.21252 -0.642019
3.36 -3.84781 3.20568 -0.642133
3.37 -3.84203 3.19999 -0.642046
3.38 -3.84643 3.20432 -0.642114
3.39 -3.85348 3.21128 -0.642198
3.4 -3.86068 3.21866 -0.642021
3.41 -3.86677 3.22466 -0.642106
3.42 -3.87222 3.22994 -0.642279
3.43 -3.87319 3.23094 -0.642251
3.44 -3.86551 3.2233 -0.642206
3.45 -3.85594 3.21392 -0.642021
3.46 -3.85186 3.20971 -0.642145
3.47 -3.86089 3.21867 -0.642216
3.48 -3.87302 3.23063 -0.642391
3.49 -3.87722 3.23478 -0.642438
3.5 -3.87459 3.23233 -0.642262
3.51 -3.8717 3.2295 -0.642196
3.52 -3.87654 3.23466 -0.641878
3.53 -3.88092 3.23897 -0.641959
3.54 -3.87643 3.23442 -0.642008
3.55 -3.86847 3.22636 -0.642117
3.56 -3.86381 3.22171 -0.642097
3.57 -3.86301 3.22092 -0.642091
3.58 -3.86198 3.21964 -0.642333
3.59 -3.85326 3.21097 -0.642294
3.6 -3.83841 3.19599 -0.642418
3.61 -3.82809 3.18562 -0.642463
3.62 -3.82987 3.18734 -0.642534
3.63 -3.83978 3.1972 -0.642581
3.64 -3.84802 3.20528 -0.642739
3.65 -3.84815 3.20547 -0.642677
3.66 -3.84359 3.20127 -0.642312
3.67 -3.84133 3.19896 -0.64237
3.68 -3.84583 3.20341 -0.642422
3.69 -3.8516 3.20923 -0.642368
3.7 -3.84568 3.20351 -0.642177
3.71 -3.83881 3.19655 -0.642264
3.72 -3.84646 3.20439 -0.64207
3.73 -3.86088 3.21872 -0.64216
3.74 -3.87027 3.2281 -0.642171
3.75 -3.86681 3.2246 -0.642209
3.76 -3.85525 3.21322 -0.642031
3.77 -3.84892 3.20676 -0.642158
3.78 -3.84355 3.20129 -0.642266
3.79 -3.83697 3.19485 -0.642121
3.8 -3.83917 3.19712 -0.642051
3.81 -3.84963 3.20769 -0.641934
3.82 -3.85604 3.21415 -0.641892
3.83 -3.85475 3.21266 -0.642082
3.84 -3.85359 3.21136 -0.642234
3.85 -3.8532 3.21123 -0.641974
3.86 -3.84878 3.20683 -0.641951
3.87 -3.84033 3.19851 -0.641822
3.88 -3.83188 3.1902 -0.641675
3.89 -3.82699 3.18511 -0.641877
3.9 -3.83063 3.18872 -0.641908
3.91 -3.84286 3.20108 -0.641789
3.92 -3.85819 3.21634 -0.641853
3.93 -3.87043 3.22883 -0.641599
3.94 -3.87475 3.23301 -0.64174
3.95 -3.86887 3.22722 -0.641649
3.96 -3.8578 3.21606 -0.641735
3.97 -3.84292 3.2011 -0.641822
3.98 -3.83206 3.19044 -0.641621
3.99 -3.83177 3.19039 -0.641383
4 -3.83336 3.19192 -0.641448
4.01 -3.83854 3.19687 -0.641667
4.02 -3.85332 3.21158 -0.641739
4.03 -3.87256 3.23069 -0.641875
4.04 -3.88267 3.24086 -0.641817
4.05 -3.87551 3.2336 -0.641909
4.06 -3.85869 3.21682 -0.641874
4.07 -3.85119 3.2093 -0.641896
4.08 -3.85317 3.21133 -0.641844
4.09 -3.85401 3.21213 -0.641878
4.1 -3.85174 3.20989 -0.641851
4.11 -3.84923 3.20742 -0.641814
4.12 -3.84423 3.2024 -0.641832
4.13 -3.84016 3.19828 -0.641877
4.14 -3.84029 3.19861 -0.641681
4.15 -3.84935 3.20784 -0.641514
4.16 -3.85963 3.21796 -0.641667
4.17 -3.86056 3.21872 -0.64184
4.18 -3.8639 3.22196 -0.641935
4.19 -3.87342 3.23143 -0.64199
4.2 -3.87338 3.23138 -0.642007
4.21 -3.86207 3.22016 -0.641907
4.22 -3.85268 3.21084 -0.641837
4.23 -3.84634 3.20454 -0.6418
4.24 -3.84568 3.20382 -0.641861
4.25 -3.85852 3.21671 -0.641808
4.26 -3.86831 3.22648 -0.641831
4.27 -3.86792 3.22595 -0.641976
4.28 -3.86285 3.22097 -0.641875
4.29 -3.8565 3.21435 -0.642141
4.3 -3.85602 3.21373 -0.642294
4.31 -3.86334 3.22119 -0.642143
4.32 -3.87027 3.22825 -0.642025
4.33 -3.877 3.23515 -0.641854
4.34 -3.88358 3.24161 -0.641976
4.35 -3.8855 3.24348 -0.642017
4.36 -3.87938 3.23718 -0.642199
4.37 -3.87335 3.23119 -0.642168
4.38 -3.87565 3.23354 -0.64211
4.39 -3.87776 3.23556 -0.642195
4.4 -3.86875 3.22654 -0.642207
4.41 -3.85647 3.21416 -0.642312
4.42 -3.8485 3.20632 -0.642182
4.43 -3.84341 3.20111 -0.642301
4.44 -3.83784 3.19587 -0.641968
4.45 -3.83505 3.19304 -0.642009
4.46 -3.8392 3.19724 -0.641959
4.47 -3.847 3.20516 -0.641845
4.48 -3.85619 3.21445 -0.64174
4.49 -3.86344 3.22166 -0.641777
4.5 -3.85677 3.21473 -0.642039
4.51 -3.83668 3.19455 -0.642122
4.52 -3.82012 3.17799 -0.642132
4.53 -3.81979 3.17754 -0.642245
4.54 -3.82979 3.18744 -0.642349
4.55 -3.84225 3.19974 -0.642506
4.56 -3.85474 3.21215 -0.642583
4.57 -3.85835 3.21583 -0.642524
4.58 -3.85077 3.20824 -0.64253
4.59 -3.84026 3.19766 -0.6426
4.6 -3.83467 3.19199 -0.642678
4.61 -3.83371 3.19106 -0.642646
4.62 -3.83661 3.19419 -0.642424
4.63 -3.84464 3.20236 -0.642286
4.64 -3.8591 3.21685 -0.642243
4.65 -3.86701 3.22472 -0.642286
4.66 -3.86338 3.2209 -0.642479
4.67 -3.85511 3.21283 -0.642286
4.68 -3.85125 3.20887 -0.642385
4.69 -3.85204 3.20963 -0.642407
4.7 -3.85449 3.2121 -0.64239
4.71 -3.86536 3.22289 -0.642469
4.72 -3.8761 3.23366 -0.642441
4.73 -3.87791 3.2354 -0.642508
4.74 -3.87132 3.22888 -0.642444
4.75 -3.86562 3.22314 -0.642474
4.76 -3.86036 3.21777 -0.642586
4.77 -3.86032 3.21781 -0.642512
4.78 -3.86718 3.22493 -0.642251
4.79 -3.87415 3.23202 -0.642125
4.8 -3.87343 3.23111 -0.642319
4.81 -3.86645 3.22417 -0.642281
4.82 -3.86164 3.21962 -0.642014
4.83 -3.86 3.21793 -0.642069
4.84 -3.85789 3.21599 -0.641901
4.85 -3.85224 3.21011 -0.642138
4.86 -3.84569 3.20362 -0.642072
4.87 -3.84638 3.20455 -0.641831
4.88 -3.8582 3.2162 -0.641996
4.89 -3.86685 3.22482 -0.642029
4.9 -3.86771 3.22579 -0.641923
4.91 -3.86039 3.21873 -0.641661
4.92 -3.84432 3.20266 -0.641657
4.93 -3.82586 3.18408 -0.641779
4.94 -3.81702 3.17529 -0.641725
4.95 -3.83111 3.18929 -0.641822
4.96 -3.85608 3.2144 -0.641682
4.97 -3.87435 3.23281 -0.641542
4.98 -3.88602 3.2444 -0.64162
4.99 -3.89489 3.2532 -0.641689
5 -3.89496 3.25338 -0.641582
5.01 -3.88456 3.24277 -0.641788
5.02 -3.86989 3.22824 -0.641649
5.03 -3.86093 3.21942 -0.641512
5.04 -3.86023 3.21881 -0.641418
5.05 -3.85643 3.21476 -0.641669
5.06 -3.84963 3.20821 -0.641417
5.07 -3.84432 3.20305 -0.641268
5.08 -3.84218 3.20069 -0.641496
5.09 -3.83922 3.1978 -0.641418
5.1 -3.83582 3.19415 -0.641665
5.11 -3.83404 3.19224 -0.641804
5.12 -3.83245 3.19053 -0.64192
5.13 -3.83613 3.19424 -0.641891
5.14 -3.84267 3.2007 -0.641971
5.15 -3.84659 3.20459 -0.642001
5.16 -3.84306 3.20133 -0.641726
5.17 -3.83577 3.19421 -0.641559
5.18 -3.83453 3.19289 -0.641644
5.19 -3.84233 3.20072 -0.641617
5.2 -3.85582 3.21437 -0.641453
5.21 -3.86971 3.22811 -0.641593
5.22 -3.87628 3.23486 -0.641424
5.23 -3.86602 3.22489 -0.641122
5.24 -3.84773 3.20673 -0.640999
5.25 -3.83341 3.19229 -0.641121
5.26 -3.82825 3.18711 -0.641138
5.27 -3.83111 3.19003 -0.641077
5.28 -3.82971 3.18857 -0.641141
5.29 -3.82179 3.18061 -0.641182
5.3 -3.82275 3.18162 -0.641131
5.31 -3.83415 3.19297 -0.641176
5.32 -3.8461 3.20461 -0.641487
5.33 -3.85556 3.21391 -0.641651
5.34 -3.8635 3.2216 -0.641903
5.35 -3.86507 3.22308 -0.641989
5.36 -3.85993 3.21805 -0.641877
5.37 -3.85337 3.21141 -0.641962
5.38 -3.85084 3.20873 -0.642109
5.39 -3.85939 3.21739 -0.642003
5.4 -3.86509 3.22302 -0.642077
5.41 -3.85109 3.20908 -0.642006
5.42 -3.83216 3.19015 -0.642019
5.43 -3.82635 3.18423 -0.64212
5.44 -3.82639 3.18438 -0.64201
5.45 -3.82816 3.1862 -0.641959
5.46 -3.82941 3.18739 -0.642014
5.47 -3.82981 3.1881 -0.641708
5.48 -3.83137 3.18956 -0.641816
5.49 -3.83702 3.19506 -0.641959
5.5 -3.84676 3.20495 -0.641808
5.51 -3.85719 3.21546 -0.641734
5.52 -3.86189 3.2201 -0.641789
5.53 -3.86046 3.21864 -0.641821
5.54 -3.85693 3.21514 -0.641789
5.55 -3.85344 3.21177 -0.64167
5.56 -3.84988 3.20817 -0.641711
5.57 -3.85273 3.21081 -0.641924
5.58 -3.86443 3.22251 -0.641918
5.59 -3.87598 3.23424 -0.641745
5.6 -3.88269 3.24085 -0.641839
5.61 -3.8826 3.24076 -0.641847
5.62 -3.87699 3.23518 -0.641806
5.63 -3.86776 3.22594 -0.641819
5.64 -3.85691 3.21486 -0.642048
5.65 -3.84758 3.20544 -0.642135
5.66 -3.84239 3.20021 -0.64218
5.67 -3.84111 3.19887 -0.642236
5.68 -3.84446 3.20223 -0.64223
5.69 -3.85106 3.20878 -0.64228
5.7 -3.85375 3.2113 -0.642453
5.71 -3.84969 3.20758 -0.642106
5.72 -3.85288 3.21072 -0.642158
5.73 -3.86181 3.21936 -0.642446
5.74 -3.86358 3.22113 -0.642443
5.75 -3.85308 3.21056 -0.642519
5.76 -3.83511 3.19265 -0.642458
5.77 -3.82229 3.17992 -0.642375
5.78 -3.81546 3.17318 -0.642282
5.79 -3.81074 3.16865 -0.642087
5.8 -3.81536 3.17309 -0.642268
5.81 -3.82372 3.18149 -0.642231
5.82 -3.82536 3.18323 -0.642125
5.83 -3.82931 3.1872 -0.64211
5.84 -3.84236 3.20048 -0.641884
5.85 -3.85337 3.2115 -0.641875
5.86 -3.85506 3.21314 -0.641923
5.87 -3.84491 3.20309 -0.641824
5.88 -3.82599 3.18433 -0.64166
5.89 -3.8159 3.17435 -0.641543
5.9 -3.8198 3.17804 -0.64176
5.91 -3.82603 3.18411 -0.641912
5.92 -3.83615 3.19438 -0.641771
5.93 -3.85375 3.21212 -0.641631
5.94 -3.86711 3.22558 -0.641531
5.95 -3.87456 3.23289 -0.641664
5.96 -3.87851 3.23676 -0.641746
5.97 -3.87961 3.23778 -0.641825
5.98 -3.88451 3.24269 -0.641825
5.99 -3.89589 3.25437 -0.641516
6 -3.90241 3.26103 -0.641382
6.01 -3.8974 3.25575 -0.641649
6.02 -3.88379 3.24226 -0.641534
6.03 -3.86429 3.22267 -0.641618
6.04 -3.84417 3.2026 -0.641568
6.05 -3.82656 3.18461 -0.641948
6.06 -3.81448 3.17241 -0.642071
6.07 -3.81069 3.16875 -0.64194
6.08 -3.81205 3.17034 -0.641712
6.09 -3.81596 3.17402 -0.641939
6.1 -3.82914 3.18722 -0.641926
6.11 -3.8503 3.20845 -0.641852
6.12 -3.86518 3.22336 -0.641825
6.13 -3.86697 3.22509 -0.641876
6.14 -3.85582 3.21396 -0.641851
6.15 -3.84878 3.20703 -0.641749
6.16 -3.85089 3.20927 -0.64162
6.17 -3.85118 3.20961 -0.641563
6.18 -3.84734 3.20587 -0.641474
6.19 -3.84883 3.20727 -0.641566
6.2 -3.85842 3.21676 -0.641665
6.21 -3.8617 3.21997 -0.641729
6.22 -3.8553 3.21363 -0.641669
6.23 -3.84647 3.20476 -0.641714
6.24 -3.84142 3.1997 -0.641714
6.25 -3.83887 3.19695 -0.64192
6.26 -3.83795 3.196 -0.641943
6.27 -3.83841 3.1967 -0.64171
6.28 -3.84049 3.19898 -0.641514
6.29 -3.8441 3.20251 -0.641593
6.3 -3.84341 3.20173 -0.641679
6.31 -3.83388 3.19216 -0.641717
6.32 -3.82584 3.1842 -0.641644
6.33 -3.82869 3.1869 -0.641786
6.34 -3.83652 3.19472 -0.641793
6.35 -3.84142 3.19984 -0.641578
6.36 -3.83899 3.19745 -0.641542
6.37 -3.83698 3.19529 -0.641694
6.38 -3.83975 3.19811 -0.641642
6.39 -3.84371 3.20221 -0.641501
6.4 -3.84433 3.20269 -0.64164
6.41 -3.84383 3.20224 -0.641583
6.42 -3.84266 3.20095 -0.641713
6.43 -3.84284 3.20133 -0.64151
6.44 -3.84315 3.20166 -0.641493
6.45 -3.8389 3.19728 -0.641623
6.46 -3.84068 3.19899 -0.64169
6.47 -3.85575 3.214 -0.641755
6.48 -3.8713 3.22951 -0.641788
6.49 -3.87518 3.23327 -0.641911
6.5 -3.87106 3.22889 -0.642177
6.51 -3.86785 3.22566 -0.642186
6.52 -3.86947 3.22735 -0.64212
6.53 -3.87509 3.23299 -0.642106
6.54 -3.88195 3.23999 -0.641959
6.55 -3.88401 3.24193 -0.642081
6.56 -3.8796 3.23751 -0.642099
6.57 -3.875 3.23284 -0.642155
6.58 -3.86772 3.2256 -0.642129
6.59 -3.85967 3.21756 -0.642116
6.6 -3.85425 3.21198 -0.642271
6.61 -3.84766 3.20536 -0.642306
6.62 -3.83309 3.19077 -0.642323
6.63 -3.81738 3.17499 -0.642393
6.64 -3.80758 3.16504 -0.642544
6.65 -3.8066 3.16427 -0.642325
6.66 -3.81816 3.17598 -0.64218
6.67 -3.8372 3.19473 -0.642475
6.68 -3.8585 3.21591 -0.642592
6.69 -3.87707 3.23455 -0.642523
6.7 -3.88592 3.24341 -0.642509
6.71 -3.88567 3.24312 -0.642547
6.72 -3.87588 3.23366 -0.642213
6.73 -3.86039 3.2181 -0.642291
6.74 -3.8468 3.20448 -0.642323
6.75 -3.83708 3.19478 -0.642301
6.76 -3.82199 3.17943 -0.642555
6.77 -3.80633 3.16368 -0.64265
6.78 -3.8044 3.16196 -0.642435
6.79 -3.81953 3.17703 -0.642497
6.8 -3.84267 3.20001 -0.642668
6.81 -3.85874 3.21613 -0.642616
6.82 -3.85938 3.21705 -0.642331
6.83 -3.84899 3.20676 -0.642234
6.84 -3.84157 3.19934 -0.642232
6.85 -3.84162 3.19951 -0.642108
6.86 -3.84227 3.20026 -0.64201
6.87 -3.84136 3.19949 -0.641866
6.88 -3.84064 3.1989 -0.641748
6.89 -3.84083 3.19907 -0.641762
6.9 -3.83886 3.19671 -0.642153
6.91 -3.83235 3.19036 -0.641983
6.92 -3.83005 3.18799 -0.64206
6.93 -3.84494 3.20312 -0.641818
6.94 -3.87014 3.22815 -0.641989
6.95 -3.88668 3.24455 -0.642127
6.96 -3.88051 3.23849 -0.642022
6.97 -3.86453 3.22256 -0.641974
6.98 -3.85875 3.2168 -0.641955
6.99 -3.85911 3.21719 -0.641919
7 -3.85643 3.21436 -0.642071
7.01 -3.84432 3.20242 -0.641908
7.02 -3.83193 3.19013 -0.641806
7.03 -3.8333 3.1914 -0.641899
7.04 -3.84617 3.20419 -0.641983
7.05 -3.85887 3.21666 -0.642204
7.06 -3.86145 3.21943 -0.642017
7.07 -3.85372 3.21194 -0.641776
7.08 -3.84793 3.20603 -0.641901
7.09 -3.85492 3.21302 -0.641898
7.1 -3.8698 3.22781 -0.641999
7.11 -3.87469 3.23259 -0.6421
7.12 -3.87216 3.22988 -0.64228
7.13 -3.8766 3.23425 -0.642351
7.14 -3.88012 3.23781 -0.642315
7.15 -3.87321 3.23073 -0.642479
7.16 -3.862 3.21967 -0.64233
7.17 -3.85297 3.21071 -0.642266
7.18 -3.85388 3.2119 -0.641976
7.19 -3.85692 3.21488 -0.642038
7.2 -3.85487 3.21272 -0.642146
7.21 -3.8493 3.20716 -0.642138
7.22 -3.84406 3.20148 -0.642577
7.23 -3.83966 3.19732 -0.642342
7.24 -3.83663 3.19433 -0.6423
7.25 -3.83819 3.19567 -0.642514
7.26 -3.84562 3.20317 -0.642448
7.27 -3.85432 3.21176 -0.642553
7.28 -3.86192 3.21979 -0.642132
7.29 -3.86247 3.22017 -0.642307
7.3 -3.86588 3.22345 -0.642431
7.31 -3.8801 3.23774 -0.64236
7.32 -3.88994 3.24751 -0.642423
7.33 -3.88269 3.2404 -0.642289
7.34 -3.87068 3.22823 -0.642447
7.35 -3.87138 3.22871 -0.642664
7.36 -3.87789 3.23529 -0.642602
7.37 -3.87351 3.23105 -0.642462
7.38 -3.8564 3.21402 -0.642381
7.39 -3.83932 3.19677 -0.642544
7.4 -3.82527 3.1829 -0.642371
7.41 -3.81806 3.17587 -0.64219
7.42 -3.82281 3.1806 -0.642212
7.43 -3.83401 3.19197 -0.64204
7.44 -3.84677 3.20475 -0.64202
7.45 -3.86358 3.2214 -0.642184
7.46 -3.8808 3.23876 -0.642045
7.47 -3.88734 3.24533 -0.642005
7.48 -3.87426 3.23223 -0.642037
7.49 -3.85169 3.20964 -0.642044
7.5 -3.84004 3.19794 -0.642102
7.51 -3.84336 3.20122 -0.642143
7.52 -3.85466 3.21246 -0.642198
7.53 -3.87077 3.22867 -0.642095
7.54 -3.88648 3.24435 -0.642127
7.55 -3.89459 3.25271 -0.641887
7.56 -3.89168 3.2501 -0.641587
7.57 -3.88096 3.23926 -0.6417
7.58 -3.86825 3.22678 -0.64147
7.59 -3.85274 3.21133 -0.641409
7.6 -3.83675 3.19533 -0.641419
7.61 -3.82764 3.1862 -0.641434
7.62 -3.81915 3.17773 -0.641427
7.63 -3.81251 3.17085 -0.641663
7.64 -3.81344 3.1717 -0.64174
7.65 -3.82204 3.18047 -0.641573
7.66 -3.82918 3.18752 -0.641656
7.67 -3.83302 3.19137 -0.641644
7.68 -3.83538 3.19358 -0.641793
7.69 -3.83863 3.19697 -0.641668
7.7 -3.84583 3.20381 -0.642023
7.71 -3.86386 3.22188 -0.641981
7.72 -3.87789 3.23596 -0.641933
7.73 -3.87529 3.23347 -0.641822
7.74 -3.86179 3.21983 -0.641959
7.75 -3.85783 3.21593 -0.6419
7.76 -3.86926 3.22742 -0.641843
7.77 -3.88155 3.23965 -0.641899
7.78 -3.88186 3.2402 -0.641663
7.79 -3.868 3.22648 -0.641524
7.8 -3.85328 3.21196 -0.641324
7.81 -3.84608 3.20463 -0.641457
7.82 -3.84148 3.19988 -0.641603
7.83 -3.83721 3.19567 -0.641544
7.84 -3.83324 3.19161 -0.641628
7.85 -3.83537 3.19381 -0.641558
7.86 -3.84595 3.2044 -0.641552
7.87 -3.85765 3.21582 -0.64183
7.88 -3.86558 3.22352 -0.642064
7.89 -3.86632 3.22424 -0.642074
7.9 -3.86097 3.21884 -0.642131
7.91 -3.85403 3.21197 -0.642068
7.92 -3.84392 3.20184 -0.642072
7.93 -3.83031 3.18824 -0.642067
7.94 -3.81683 3.17489 -0.641943
7.95 -3.81304 3.17096 -0.642085
7.96 -3.81689 3.17479 -0.642104
7.97 -3.82834 3.18648 -0.641853
7.98 -3.84528 3.20335 -0.641924
7.99 -3.85764 3.21563 -0.642008
8 -3.86153 3.21953 -0.642002
8.01 -3.8629 3.2208 -0.642103
8.02 -3.85971 3.21768 -0.642026
8.03 -3.85036 3.20825 -0.642105
8.04 -3.83904 3.19702 -0.642021
8.05 -3.82668 3.18469 -0.64199
8.06 -3.81352 3.17149 -0.64203
8.07 -3.81122 3.16936 -0.641866
8.08 -3.81608 3.17409 -0.641989
8.09 -3.8201 3.17816 -0.641939
8.1 -3.82539 3.18351 -0.641879
8.11 -3.83083 3.18887 -0.641966
8.12 -3.83186 3.18985 -0.642009
8.13 -3.82414 3.18222 -0.641926
8.14 -3.82153 3.17958 -0.641954
8.15 -3.82852 3.18657 -0.641947
8.16 -3.83273 3.19071 -0.642015
8.17 -3.83109 3.18917 -0.641915
8.18 -3.82782 3.1859 -0.641922
8.19 -3.822 3.18027 -0.641732
8.2 -3.82 3.17828 -0.641722
8.21 -3.83139 3.18947 -0.641917
8.22 -3.84974 3.2077 -0.642042
8.23 -3.85986 3.21803 -0.641829
8.24 -3.85815 3.2163 -0.641853
8.25 -3.85583 3.21403 -0.641801
8.26 -3.85676 3.21476 -0.642008
8.27 -3.85409 3.21229 -0.641798
8.28 -3.8525 3.21055 -0.641954
8.29 -3.85679 3.2148 -0.641991
8.3 -3.86207 3.2202 -0.641871
8.31 -3.86445 3.22246 -0.641988
8.32 -3.86132 3.21933 -0.641986
8.33 -3.85441 3.21258 -0.641823
8.34 -3.84748 3.20573 -0.64175
8.35 -3.83907 3.19728 -0.641798
8.36 -3.82644 3.1845 -0.641937
8.37 -3.81577 3.17397 -0.641802
8.38 -3.81561 3.17367 -0.641935
8.39 -3.8257 3.1838 -0.641903
8.4 -3.83692 3.19491 -0.642005
8.41 -3.83996 3.19827 -0.641698
8.42 -3.84326 3.20155 -0.641718
8.43 -3.85112 3.20924 -0.641878
8.44 -3.85255 3.21053 -0.642023
8.45 -3.84882 3.20661 -0.642208
8.46 -3.85247 3.21009 -0.64238
8.47 -3.8614 3.21913 -0.642273
8.48 -3.87533 3.23321 -0.642115
8.49 -3.8848 3.2427 -0.642103
8.5 -3.87409 3.23211 -0.641982
8.51 -3.84915 3.20724 -0.641905
8.52 -3.82711 3.18496 -0.642152
8.53 -3.81649 3.17459 -0.641906
8.54 -3.82003 3.17801 -0.642014
8.55 -3.83682 3.1946 -0.642213
8.56 -3.8491 3.20706 -0.642032
8.57 -3.84738 3.2054 -0.641986
8.58 -3.83852 3.19648 -0.642042
8.59 -3.83305 3.19108 -0.64197
8.6 -3.83057 3.18863 -0.64194
8.61 -3.82319 3.18112 -0.642065
8.62 -3.81898 3.17675 -0.642229
8.63 -3.82565 3.18324 -0.642415
8.64 -3.83687 3.19468 -0.642189
8.65 -3.84005 3.19809 -0.641968
8.66 -3.83575 3.19397 -0.641782
8.67 -3.82962 3.18762 -0.641994
8.68 -3.82315 3.18108 -0.64207
8.69 -3.8205 3.17808 -0.642415
8.7 -3.82023 3.17804 -0.642188
8.71 -3.82066 3.17839 -0.642272
8.72 -3.8182 3.17586 -0.642345
8.73 -3.81382 3.17168 -0.642143
8.74 -3.81307 3.17116 -0.641911
8.75 -3.82422 3.18219 -0.642035
8.76 -3.84959 3.20748 -0.642113
8.77 -3.87392 3.23178 -0.642137
8.78 -3.87608 3.23381 -0.64227
8.79 -3.85428 3.21205 -0.642234
8.8 -3.83576 3.19331 -0.642455
8.81 -3.83521 3.19283 -0.642386
8.82 -3.83671 3.19463 -0.642083
8.83 -3.83102 3.18901 -0.642015
8.84 -3.82693 3.18494 -0.641993
8.85 -3.83042 3.1883 -0.642118
8.86 -3.83787 3.19568 -0.642194
8.87 -3.84521 3.20334 -0.641868
8.88 -3.85615 3.21424 -0.641915
8.89 -3.87712 3.2351 -0.642021
8.9 -3.89287 3.25085 -0.642024
8.91 -3.88948 3.24739 -0.642094
8.92 -3.87444 3.23256 -0.641882
8.93 -3.86169 3.21974 -0.641951
8.94 -3.85545 3.21369 -0.641763
8.95 -3.85581 3.21406 -0.64175
8.96 -3.86286 3.22112 -0.641742
8.97 -3.86681 3.22515 -0.641656
8.98 -3.85827 3.2166 -0.641676
8.99 -3.84766 3.20604 -0.641621
9 -3.85115 3.20963 -0.641522
9.01 -3.86154 3.21985 -0.641688
9.02 -3.86231 3.22071 -0.641606
9.03 -3.85405 3.21255 -0.641501
9.04 -3.85033 3.20883 -0.641501
9.05 -3.85843 3.21679 -0.641643
9.06 -3.86437 3.22257 -0.641804
9.07 -3.86517 3.22332 -0.641852
9.08 -3.86831 3.22649 -0.641815
9.09 -3.87347 3.23165 -0.641816
9.1 -3.87685 3.23507 -0.641781
9.11 -3.86917 3.22735 -0.641819
9.12 -3.85922 3.21739 -0.641827
9.13 -3.8581 3.21613 -0.641969
9.14 -3.86446 3.22252 -0.641933
9.15 -3.87131 3.22949 -0.641812
9.16 -3.87499 3.23311 -0.641883
9.17 -3.87704 3.23509 -0.641951
9.18 -3.87727 3.23539 -0.641875
9.19 -3.87914 3.23742 -0.641724
9.2 -3.88467 3.2428 -0.641876
9.21 -3.88764 3.24548 -0.642158
9.22 -3.87909 3.23688 -0.642211
9.23 -3.85965 3.21734 -0.642311
9.24 -3.838 3.19582 -0.642182
9.25 -3.82327 3.1812 -0.642077
9.26 -3.82305 3.18121 -0.641834
9.27 -3.82982 3.18787 -0.641951
9.28 -3.83644 3.19422 -0.642222
9.29 -3.84117 3.19901 -0.642162
9.3 -3.84525 3.2031 -0.642151
9.31 -3.85114 3.209 -0.642144
9.32 -3.85646 3.21431 -0.642146
9.33 -3.85749 3.21557 -0.641919
9.34 -3.85592 3.21427 -0.641651
9.35 -3.85217 3.2105 -0.641671
9.36 -3.84411 3.20236 -0.64175
9.37 -3.83809 3.19644 -0.641651
9.38 -3.83702 3.19541 -0.641608
9.39 -3.83927 3.19774 -0.641531
9.4 -3.84473 3.20325 -0.641482
9.41 -3.84653 3.20492 -0.641607
9.42 -3.84308 3.20156 -0.641517
9.43 -3.842 3.20033 -0.64167
9.44 -3.84849 3.20667 -0.641812
9.45 -3.85469 3.21308 -0.641608
9.46 -3.85356 3.21186 -0.641703
9.47 -3.84834 3.20652 -0.641822
9.48 -3.83806 3.19625 -0.641812
9.49 -3.82706 3.18532 -0.641741
9.5 -3.82023 3.17868 -0.641551
9.51 -3.8278 3.18622 -0.641574
9.52 -3.84443 3.20266 -0.64177
9.53 -3.85361 3.212 -0.641612
9.54 -3.84832 3.20634 -0.64198
9.55 -3.83442 3.19246 -0.641963
9.56 -3.82207 3.18022 -0.641845
9.57 -3.8162 3.17436 -0.641839
9.58 -3.81663 3.17507 -0.641563
9.59 -3.82033 3.17881 -0.641521
9.6 -3.82934 3.18767 -0.641662
9.61 -3.83506 3.19335 -0.641714
9.62 -3.83083 3.18908 -0.641749
9.63 -3.82178 3.17994 -0.641838
9.64 -3.81642 3.1745 -0.641922
9.65 -3.82156 3.17984 -0.641718
9.66 -3.83711 3.19544 -0.641672
9.67 -3.85235 3.21079 -0.641558
9.68 -3.86039 3.21872 -0.641667
9.69 -3.8639 3.2221 -0.641798
9.7 -3.86966 3.22782 -0.641848
9.71 -3.8723 3.23029 -0.642018
9.72 -3.86699 3.22532 -0.64167
9.73 -3.8613 3.22005 -0.641242
9.74 -3.85617 3.21475 -0.641415
9.75 -3.85641 3.215 -0.641405
9.76 -3.861 3.21942 -0.641582
9.77 -3.8603 3.21878 -0.641519
9.78 -3.85236 3.21087 -0.641491
9.79 -3.84311 3.20172 -0.64139
9.8 -3.83918 3.1979 -0.641278
9.81 -3.84297 3.20174 -0.64123
9.82 -3.85365 3.21216 -0.641491
9.83 -3.86005 3.21841 -0.641647
9.84 -3.85677 3.21514 -0.641629
9.85 -3.8475 3.2059 -0.6416
9.86 -3.83011 3.1884 -0.641707
9.87 -3.81969 3.1779 -0.641795
9.88 -3.82894 3.18716 -0.641783
9.89 -3.84147 3.19953 -0.641947
9.9 -3.84218 3.20014 -0.642035
9.91 -3.83718 3.19535 -0.641829
9.92 -3.83781 3.19595 -0.641858
9.93 -3.83744 3.19564 -0.641797
9.94 -3.82936 3.18757 -0.641788
9.95 -3.82156 3.17966 -0.641904
9.96 -3.8172 3.17529 -0.641904
9.97 -3.81585 3.17398 -0.64187
9.98 -3.81855 3.17663 -0.641922
9.99 -3.82278 3.18081 -0.641967
10 -3.82963 3.18763 -0.642003
10.01 -3.83626 3.19424 -0.642017
10.02 -3.83248 3.19036 -0.642116
10.03 -3.8237 3.18143 -0.642274
10.04 -3.82378 3.18172 -0.642061
10.05 -3.82898 3.18683 -0.642148
10.06 -3.83163 3.1896 -0.642029
10.07 -3.83172 3.18961 -0.642117
10.08 -3.83329 3.19103 -0.642264
10.09 -3.8328 3.19063 -0.642162
10.1 -3.83584 3.1935 -0.642341
10.11 -3.84898 3.2067 -0.642282
10.12 -3.85788 3.21571 -0.642177
10.13 -3.85026 3.20825 -0.642007
10.14 -3.83895 3.19685 -0.642099
10.15 -3.83416 3.19211 -0.642042
10.16 -3.83452 3.19248 -0.64204
10.17 -3.84363 3.20156 -0.64207
10.18 -3.85132 3.20933 -0.641989
10.19 -3.85923 3.21726 -0.641972
10.2 -3.85924 3.21734 -0.6419
10.21 -3.84807 3.20639 -0.641672
10.22 -3.83827 3.19653 -0.641738
10.23 -3.83069 3.18898 -0.64171
10.24 -3.82428 3.18286 -0.641418
10.25 -3.83138 3.19004 -0.641336
10.26 -3.84667 3.20504 -0.641625
10.27 -3.85156 3.21016 -0.641404
10.28 -3.85023 3.20878 -0.641452
10.29 -3.85866 3.21721 -0.641459
10.3 -3.87366 3.23201 -0.641656
10.31 -3.87891 3.23736 -0.64155
10.32 -3.87266 3.23125 -0.641417
10.33 -3.8633 3.22169 -0.641609
10.34 -3.86416 3.22242 -0.641733
10.35 -3.87903 3.23717 -0.641858
10.36 -3.89298 3.25104 -0.641935
10.37 -3.89482 3.2526 -0.642218
10.38 -3.88742 3.24509 -0.642334
10.39 -3.87697 3.23461 -0.642354
10.4 -3.8675 3.22523 -0.642274
10.41 -3.86577 3.22348 -0.642287
10.42 -3.86811 3.22573 -0.64238
10.43 -3.87014 3.228 -0.642142
10.44 -3.86877 3.22668 -0.642091
10.45 -3.86694 3.22492 -0.64202
10.46 -3.87034 3.22849 -0.64185
10.47 -3.87797 3.23631 -0.641662
10.48 -3.87711 3.23537 -0.641745
10.49 -3.86762 3.22611 -0.641505
10.5 -3.85968 3.21814 -0.641539
10.51 -3.85614 3.21469 -0.641455
10.52 -3.85215 3.21047 -0.641676
10.53 -3.84261 3.20085 -0.641763
10.54 -3.83438 3.19268 -0.641694
10.55 -3.82983 3.18789 -0.641943
10.56 -3.83429 3.19235 -0.641941
10.57 -3.84878 3.20655 -0.64222
10.58 -3.86332 3.22115 -0.642167
10.59 -3.86941 3.22722 -0.642186
10.6 -3.86411 3.22185 -0.642257
10.61 -3.85113 3.20891 -0.642214
10.62 -3.83695 3.19477 -0.642178
10.63 -3.83301 3.19089 -0.642117
10.64 -3.84169 3.19962 -0.642068
10.65 -3.84697 3.20479 -0.642177
10.66 -3.83762 3.19548 -0.642148
10.67 -3.82476 3.18243 -0.64233
10.68 -3.82886 3.18661 -0.642259
10.69 -3.84454 3.20233 -0.642212
10.7 -3.85696 3.21476 -0.642203
10.71 -3.86327 3.22121 -0.642063
10.72 -3.8589 3.21696 -0.641946
10.73 -3.83933 3.1973 -0.642033
10.74 -3.82435 3.18246 -0.641891
10.75 -3.83265 3.19083 -0.641824
10.76 -3.84923 3.20737 -0.641859
10.77 -3.85402 3.21224 -0.641777
10.78 -3.85196 3.21021 -0.641753
10.79 -3.85044 3.20871 -0.641728
10.8 -3.85116 3.20914 -0.642018
10.81 -3.8597 3.21756 -0.642138
10.82 -3.87028 3.22784 -0.64244
10.83 -3.86898 3.22658 -0.642403
10.84 -3.85854 3.21644 -0.642101
10.85 -3.84981 3.20769 -0.64212
10.86 -3.84591 3.20365 -0.642268
10.87 -3.84335 3.20123 -0.642128
10.88 -3.84375 3.20125 -0.642498
10.89 -3.8443 3.20185 -0.642453
10.9 -3.84505 3.20262 -0.642428
10.91 -3.8415 3.19934 -0.642164
10.92 -3.83715 3.19493 -0.642221
10.93 -3.8376 3.19533 -0.642274
10.94 -3.84553 3.20324 -0.642292
10.95 -3.85763 3.21525 -0.642379
10.96 -3.86807 3.22565 -0.642415
10.97 -3.86935 3.22687 -0.642476
10.98 -3.85671 3.21451 -0.642205
10.99 -3.83799 3.19586 -0.642136
11 -3.83457 3.19246 -0.642102
11.01 -3.84235 3.20031 -0.642042
11.02 -3.84196 3.2 -0.641964
11.03 -3.83771 3.19578 -0.641932
11.04 -3.84148 3.19959 -0.641889
11.05 -3.84808 3.2062 -0.64188
11.06 -3.85006 3.20817 -0.641892
11.07 -3.84883 3.20698 -0.641847
11.08 -3.84727 3.20535 -0.641911
11.09 -3.84948 3.20757 -0.64191
11.1 -3.85283 3.21071 -0.642123
11.11 -3.84575 3.20356 -0.642189
11.12 -3.83291 3.19093 -0.641973
11.13 -3.83249 3.19051 -0.641977
11.14 -3.84272 3.20068 -0.642043
11.15 -3.85968 3.21774 -0.641935
11.16 -3.87025 3.22814 -0.642106
11.17 -3.86614 3.22395 -0.642191
11.18 -3.86075 3.21855 -0.642204
11.19 -3.86437 3.22219 -0.642179
11.2 -3.87059 3.22866 -0.641931
11.21 -3.86781 3.22593 -0.64188
11.22 -3.85262 3.21086 -0.641768
11.23 -3.83713 3.19533 -0.641803
11.24 -3.83209 3.19039 -0.641703
11.25 -3.83549 3.19394 -0.641554
11.26 -3.84535 3.20388 -0.641474
11.27 -3.85849 3.21709 -0.6414
11.28 -3.87084 3.22924 -0.641606
11.29 -3.87152 3.22983 -0.641693
11.3 -3.85878 3.21691 -0.641878
11.31 -3.84816 3.20657 -0.641587
11.32 -3.84847 3.20712 -0.64135
11.33 -3.85537 3.21392 -0.641442
11.34 -3.86625 3.22456 -0.641684
11.35 -3.87558 3.23385 -0.641723
11.36 -3.87992 3.23788 -0.642042
11.37 -3.873 3.23081 -0.642192
11.38 -3.85604 3.21406 -0.641973
11.39 -3.84236 3.2001 -0.642251
11.4 -3.84447 3.20214 -0.642326
11.41 -3.85753 3.21525 -0.642277
11.42 -3.87041 3.22789 -0.642528
11.43 -3.87665 3.23426 -0.642394
11.44 -3.88267 3.24011 -0.64256
11.45 -3.88832 3.24579 -0.642532
11.46 -3.89061 3.24822 -0.642391
11.47 -3.88673 3.24438 -0.642354
11.48 -3.87985 3.23725 -0.642604
11.49 -3.87282 3.23033 -0.642495
11.5 -3.86672 3.2244 -0.642322
11.51 -3.85926 3.21705 -0.642203
11.52 -3.8556 3.21346 -0.642138
11.53 -3.86393 3.22172 -0.642208
11.54 -3.87774 3.2354 -0.642338
11.55 -3.88784 3.24557 -0.642266
11.56 -3.89008 3.24783 -0.642247
11.57 -3.88446 3.2422 -0.642255
11.58 -3.87179 3.22963 -0.642167
11.59 -3.8571 3.21501 -0.64209
11.6 -3.8477 3.20536 -0.642334
11.61 -3.84482 3.2025 -0.642316
11.62 -3.84535 3.20317 -0.642175
11.63 -3.84814 3.20583 -0.642306
11.64 -3.85306 3.21065 -0.642413
11.65 -3.85742 3.21529 -0.642131
11.66 -3.86014 3.2179 -0.642232
11.67 -3.86426 3.22212 -0.642136
11.68 -3.87341 3.23113 -0.642288
11.69 -3.8818 3.23943 -0.642371
