0 2.96689e-06
0.01 0.000371872
0.02 0.00146541
0.03 0.00349467
0.04 0.00662719
0.05 0.0109195
0.06 0.0163277
0.07 0.0227422
0.08 0.0300219
0.09 0.0380217
0.1 0.0466096
0.11 0.0556706
0.12 0.065109
0.13 0.0748536
0.14 0.0848478
0.15 0.0950343
0.16 0.105346
0.17 0.11571
0.18 0.126075
0.19 0.13642
0.2 0.146733
0.21 0.156995
0.22 0.16719
0.23 0.177312
0.24 0.187391
0.25 0.197476
0.26 0.207608
0.27 0.217818
0.28 0.228118
0.29 0.238505
0.3 0.248987
0.31 0.259578
0.32 0.270284
0.33 0.2811
0.34 0.292016
0.35 0.303007
0.36 0.31403
0.37 0.325053
0.38 0.336073
0.39 0.347103
0.4 0.35815
0.41 0.36922
0.42 0.380323
0.43 0.391471
0.44 0.402686
0.45 0.413964
0.46 0.425296
0.47 0.43668
0.48 0.448113
0.49 0.459582
0.5 0.471065
0.51 0.482535
0.52 0.493975
0.53 0.505401
0.54 0.516851
0.55 0.528342
0.56 0.539858
0.57 0.551396
0.58 0.562975
0.59 0.574629
0.6 0.586397
0.61 0.598309
0.62 0.610379
0.63 0.62262
0.64 0.635042
0.65 0.647637
0.66 0.660367
0.67 0.673187
0.68 0.686076
0.69 0.699025
0.7 0.712014
0.71 0.725023
0.72 0.738039
0.73 0.75105
0.74 0.764044
0.75 0.777011
0.76 0.789939
0.77 0.802797
0.78 0.815567
0.79 0.828245
0.8 0.840831
0.81 0.853323
0.82 0.865723
0.83 0.878023
0.84 0.890201
0.85 0.902236
0.86 0.914134
0.87 0.925902
0.88 0.937547
0.89 0.949115
0.9 0.960672
0.91 0.972257
0.92 0.983905
0.93 0.995665
0.94 1.00759
0.95 1.0197
0.96 1.03197
0.97 1.0444
0.98 1.05699
0.99 1.0697
1 1.0825
1.01 1.09535
1.02 1.10824
1.03 1.12115
1.04 1.13408
1.05 1.14699
1.06 1.15991
1.07 1.17286
1.08 1.18583
1.09 1.19882
1.1 1.21181
1.11 1.22479
1.12 1.23773
1.13 1.25062
1.14 1.26345
1.15 1.27622
1.16 1.28894
1.17 1.30162
1.18 1.31426
1.19 1.32687
1.2 1.33948
1.21 1.35211
1.22 1.36478
1.23 1.37751
1.24 1.39031
1.25 1.40317
1.26 1.41606
1.27 1.42894
1.28 1.44181
1.29 1.45469
1.3 1.46764
1.31 1.48063
1.32 1.49365
1.33 1.50669
1.34 1.51976
1.35 1.53283
1.36 1.54588
1.37 1.55887
1.38 1.57181
1.39 1.5847
1.4 1.59755
1.41 1.61037
1.42 1.62321
1.43 1.63608
1.44 1.64895
1.45 1.6618
1.46 1.67467
1.47 1.68761
1.48 1.7007
1.49 1.71394
1.5 1.72733
1.51 1.74083
1.52 1.75439
1.53 1.76797
1.54 1.78153
1.55 1.79504
1.56 1.80851
1.57 1.82197
1.58 1.83542
1.59 1.84885
1.6 1.86221
1.61 1.87544
1.62 1.88851
1.63 1.90141
1.64 1.91414
1.65 1.92676
1.66 1.93931
1.67 1.95181
1.68 1.96425
1.69 1.97663
1.7 1.98896
1.71 2.00128
1.72 2.01361
1.73 2.02597
1.74 2.03835
1.75 2.05072
1.76 2.06312
1.77 2.07558
1.78 2.08816
1.79 2.10087
1.8 2.11372
1.81 2.1267
1.82 2.13976
1.83 2.15289
1.84 2.16603
1.85 2.17917
1.86 2.19225
1.87 2.20528
1.88 2.21828
1.89 2.23131
1.9 2.24442
1.91 2.25762
1.92 2.27095
1.93 2.28442
1.94 2.29802
1.95 2.31169
1.96 2.32543
1.97 2.33925
1.98 2.35317
1.99 2.36721
2 2.38138
2.01 2.39562
2.02 2.40991
2.03 2.42425
2.04 2.43866
2.05 2.45316
2.06 2.4678
2.07 2.48256
2.08 2.49737
2.09 2.51218
2.1 2.52694
2.11 2.54165
2.12 2.55631
2.13 2.57088
2.14 2.5853
2.15 2.59951
2.16 2.61345
2.17 2.62716
2.18 2.64067
2.19 2.654
2.2 2.66717
2.21 2.68016
2.22 2.69298
2.23 2.70565
2.24 2.71822
2.25 2.73075
2.26 2.74324
2.27 2.75574
2.28 2.76825
2.29 2.78079
2.3 2.79339
2.31 2.80612
2.32 2.819
2.33 2.83203
2.34 2.84516
2.35 2.85834
2.36 2.87153
2.37 2.88474
2.38 2.89802
2.39 2.9114
2.4 2.92492
2.41 2.93855
2.42 2.95221
2.43 2.96586
2.44 2.97947
2.45 2.99301
2.46 3.00648
2.47 3.0199
2.48 3.03332
2.49 3.0468
2.5 3.06039
2.51 3.07416
2.52 3.08818
2.53 3.10243
2.54 3.11692
2.55 3.13162
2.56 3.14649
2.57 3.16148
2.58 3.17648
2.59 3.19143
2.6 3.20629
2.61 3.22101
2.62 3.23549
2.63 3.24963
2.64 3.26341
2.65 3.27688
2.66 3.29016
2.67 3.30335
2.68 3.31654
2.69 3.32983
2.7 3.34328
2.71 3.35694
2.72 3.3708
2.73 3.38481
2.74 3.39892
2.75 3.41309
2.76 3.42731
2.77 3.44155
2.78 3.45574
2.79 3.4698
2.8 3.48368
2.81 3.49738
2.82 3.51091
2.83 3.5243
2.84 3.53762
2.85 3.55091
2.86 3.56424
2.87 3.57764
2.88 3.59112
2.89 3.60469
2.9 3.61837
2.91 3.63217
2.92 3.64606
2.93 3.66005
2.94 3.67411
2.95 3.68823
2.96 3.70241
2.97 3.71662
2.98 3.73077
2.99 3.74478
3 3.75863
3.01 3.77236
3.02 3.78602
3.03 3.7997
3.04 3.8135
3.05 3.8275
3.06 3.84172
3.07 3.8561
3.08 3.87057
3.09 3.8851
3.1 3.89967
3.11 3.91424
3.12 3.92881
3.13 3.94335
3.14 3.95781
3.15 3.97215
3.16 3.98634
3.17 4.00036
3.18 4.01424
3.19 4.02801
3.2 4.04164
3.21 4.05514
3.22 4.06856
3.23 4.08196
3.24 4.09543
3.25 4.10895
3.26 4.1225
3.27 4.13601
3.28 4.14946
3.29 4.16284
3.3 4.17613
3.31 4.18929
3.32 4.20234
3.33 4.21529
3.34 4.22816
3.35 4.24097
3.36 4.25375
3.37 4.26651
3.38 4.27928
3.39 4.29207
3.4 4.30489
3.41 4.3177
3.42 4.33043
3.43 4.34303
3.44 4.35553
3.45 4.36795
3.46 4.38039
3.47 4.39296
3.48 4.40575
3.49 4.41881
3.5 4.43217
3.51 4.44578
3.52 4.45962
3.53 4.47368
3.54 4.48801
3.55 4.50258
3.56 4.51735
3.57 4.53227
3.58 4.54731
3.59 4.56243
3.6 4.57756
3.61 4.59272
3.62 4.60794
3.63 4.62323
3.64 4.63854
3.65 4.65383
3.66 4.66908
3.67 4.68428
3.68 4.69941
3.69 4.71449
3.7 4.72954
3.71 4.74456
3.72 4.75957
3.73 4.77458
3.74 4.78961
3.75 4.80466
3.76 4.81973
3.77 4.83477
3.78 4.84977
3.79 4.86473
3.8 4.87971
3.81 4.89475
3.82 4.90983
3.83 4.92484
3.84 4.93963
3.85 4.95411
3.86 4.96829
3.87 4.98224
3.88 4.99604
3.89 5.00977
3.9 5.02349
3.91 5.03724
3.92 5.05112
3.93 5.06512
3.94 5.07921
3.95 5.09334
3.96 5.10741
3.97 5.12136
3.98 5.13515
3.99 5.14873
4 5.16209
4.01 5.17527
4.02 5.18832
4.03 5.20131
4.04 5.21428
4.05 5.22724
4.06 5.24015
4.07 5.25296
4.08 5.26571
4.09 5.2785
4.1 5.29149
4.11 5.3048
4.12 5.31846
4.13 5.33246
4.14 5.34678
4.15 5.36146
4.16 5.37649
4.17 5.39176
4.18 5.40713
4.19 5.42245
4.2 5.43773
4.21 5.45301
4.22 5.46829
4.23 5.48356
4.24 5.49881
4.25 5.51401
4.26 5.52912
4.27 5.54411
4.28 5.55897
4.29 5.57364
4.3 5.5881
4.31 5.6024
4.32 5.61668
4.33 5.63104
4.34 5.6455
4.35 5.66004
4.36 5.67459
4.37 5.68912
4.38 5.70368
4.39 5.71836
4.4 5.73319
4.41 5.74815
4.42 5.76319
4.43 5.77832
4.44 5.79352
4.45 5.80872
4.46 5.82381
4.47 5.83881
4.48 5.85379
4.49 5.86877
4.5 5.88373
4.51 5.89867
4.52 5.91354
4.53 5.9283
4.54 5.94291
4.55 5.95741
4.56 5.97187
4.57 5.98638
4.58 6.00097
4.59 6.01556
4.6 6.0301
4.61 6.0446
4.62 6.05911
4.63 6.07364
4.64 6.08816
4.65 6.10271
4.66 6.11731
4.67 6.13197
4.68 6.14665
4.69 6.16129
4.7 6.17589
4.71 6.19051
4.72 6.20523
4.73 6.22014
4.74 6.23525
4.75 6.2505
4.76 6.26585
4.77 6.28126
4.78 6.29671
4.79 6.31219
4.8 6.32761
4.81 6.34289
4.82 6.35799
4.83 6.37293
4.84 6.38772
4.85 6.40241
4.86 6.417
4.87 6.43153
4.88 6.446
4.89 6.46042
4.9 6.47479
4.91 6.48912
4.92 6.50347
4.93 6.51777
4.94 6.53191
4.95 6.54572
4.96 6.55921
4.97 6.57246
4.98 6.58555
4.99 6.59856
5 6.61155
5.01 6.6246
5.02 6.63769
5.03 6.65081
5.04 6.66398
5.05 6.67722
5.06 6.6905
5.07 6.70377
5.08 6.71697
5.09 6.73012
5.1 6.7433
5.11 6.75652
5.12 6.76978
5.13 6.78308
5.14 6.79642
5.15 6.80986
5.16 6.82352
5.17 6.83752
5.18 6.85191
5.19 6.86671
5.2 6.88193
5.21 6.89747
5.22 6.91316
5.23 6.92883
5.24 6.94438
5.25 6.9597
5.26 6.97467
5.27 6.98927
5.28 7.00352
5.29 7.01744
5.3 7.03105
5.31 7.04443
5.32 7.05771
5.33 7.07099
5.34 7.08438
5.35 7.09796
5.36 7.11181
5.37 7.12597
5.38 7.14042
5.39 7.1551
5.4 7.16996
5.41 7.18498
5.42 7.20007
5.43 7.21513
5.44 7.23017
5.45 7.24528
5.46 7.2605
5.47 7.27579
5.48 7.29105
5.49 7.3062
5.5 7.32117
5.51 7.33595
5.52 7.35057
5.53 7.36509
5.54 7.37954
5.55 7.39385
5.56 7.40794
5.57 7.42169
5.58 7.43504
5.59 7.44804
5.6 7.46076
5.61 7.47333
5.62 7.48585
5.63 7.49832
5.64 7.51076
5.65 7.52325
5.66 7.53596
5.67 7.54905
5.68 7.56264
5.69 7.5767
5.7 7.59119
5.71 7.60608
5.72 7.62134
5.73 7.63687
5.74 7.65251
5.75 7.66809
5.76 7.68349
5.77 7.69868
5.78 7.71368
5.79 7.72856
5.8 7.74341
5.81 7.75829
5.82 7.77324
5.83 7.7883
5.84 7.80343
5.85 7.81863
5.86 7.83389
5.87 7.84924
5.88 7.86465
5.89 7.88001
5.9 7.89521
5.91 7.91018
5.92 7.92492
5.93 7.93943
5.94 7.95371
5.95 7.96774
5.96 7.98152
5.97 7.99507
5.98 8.00845
5.99 8.02174
6 8.03497
6.01 8.04817
6.02 8.06127
6.03 8.07427
6.04 8.08718
6.05 8.10008
6.06 8.11303
6.07 8.12609
6.08 8.13924
6.09 8.15244
6.1 8.16565
6.11 8.17885
6.12 8.19209
6.13 8.20539
6.14 8.21872
6.15 8.23202
6.16 8.24528
6.17 8.25852
6.18 8.27186
6.19 8.28543
6.2 8.29933
6.21 8.31365
6.22 8.32839
6.23 8.34346
6.24 8.35874
6.25 8.37408
6.26 8.38935
6.27 8.40446
6.28 8.41933
6.29 8.43395
6.3 8.44842
6.31 8.46282
6.32 8.47718
6.33 8.49141
6.34 8.50541
6.35 8.51899
6.36 8.53201
6.37 8.54438
6.38 8.55611
6.39 8.56732
6.4 8.57815
6.41 8.58876
6.42 8.59924
6.43 8.60966
6.44 8.62006
6.45 8.63051
6.46 8.64116
6.47 8.6521
6.48 8.66344
6.49 8.67529
6.5 8.6877
6.51 8.70062
6.52 8.71387
6.53 8.72729
6.54 8.74076
6.55 8.75428
6.56 8.76789
6.57 8.78162
6.58 8.79543
6.59 8.80932
6.6 8.82331
6.61 8.83743
6.62 8.85171
6.63 8.86605
6.64 8.88034
6.65 8.89447
6.66 8.90841
6.67 8.92221
6.68 8.93588
6.69 8.94944
6.7 8.96289
6.71 8.97631
6.72 8.98975
6.73 9.00323
6.74 9.01675
6.75 9.03028
6.76 9.04386
6.77 9.0575
6.78 9.07122
6.79 9.0851
6.8 9.09922
6.81 9.11356
6.82 9.12802
6.83 9.14243
6.84 9.15668
6.85 9.17078
6.86 9.18482
6.87 9.19889
6.88 9.2131
6.89 9.2275
6.9 9.24209
6.91 9.25681
6.92 9.27157
6.93 9.28641
6.94 9.30139
6.95 9.31652
6.96 9.33173
6.97 9.3469
6.98 9.36199
6.99 9.37701
7 9.39204
7.01 9.40725
7.02 9.42275
7.03 9.43855
7.04 9.45451
7.05 9.47059
7.06 9.48679
7.07 9.50313
7.08 9.51953
7.09 9.5359
7.1 9.55218
7.11 9.56832
7.12 9.58418
7.13 9.5997
7.14 9.61492
7.15 9.62989
7.16 9.64461
7.17 9.65907
7.18 9.67324
7.19 9.68712
7.2 9.70071
7.21 9.71403
7.22 9.72709
7.23 9.73987
7.24 9.75238
7.25 9.76458
7.26 9.77648
7.27 9.78815
7.28 9.79978
7.29 9.81154
7.3 9.8236
7.31 9.83607
7.32 9.84901
7.33 9.86238
7.34 9.87606
7.35 9.88997
7.36 9.9041
7.37 9.91847
7.38 9.93311
7.39 9.94804
7.4 9.96326
7.41 9.97867
7.42 9.99403
7.43 10.0091
7.44 10.0238
7.45 10.0381
7.46 10.052
7.47 10.0656
7.48 10.079
7.49 10.092
7.5 10.1049
7.51 10.1175
7.52 10.13
7.53 10.1425
7.54 10.1551
7.55 10.1679
7.56 10.181
7.57 10.1943
7.58 10.2081
7.59 10.2224
7.6 10.2372
7.61 10.2524
7.62 10.2679
7.63 10.2838
7.64 10.2997
7.65 10.3157
7.66 10.3316
7.67 10.3474
7.68 10.3633
7.69 10.3791
7.7 10.395
7.71 10.4109
7.72 10.4268
7.73 10.4426
7.74 10.4583
7.75 10.4739
7.76 10.4892
7.77 10.5045
7.78 10.5198
7.79 10.5349
7.8 10.55
7.81 10.5648
7.82 10.5793
7.83 10.5934
7.84 10.607
7.85 10.6203
7.86 10.6331
7.87 10.6457
7.88 10.6583
7.89 10.671
7.9 10.6839
7.91 10.6969
7.92 10.7102
7.93 10.7237
7.94 10.7373
7.95 10.7509
7.96 10.7646
7.97 10.7784
7.98 10.7923
7.99 10.8062
8 10.8202
8.01 10.8342
8.02 10.8482
8.03 10.8622
8.04 10.8763
8.05 10.8905
8.06 10.9049
8.07 10.9195
8.08 10.9343
8.09 10.9492
8.1 10.964
8.11 10.9789
8.12 10.9936
8.13 11.0082
8.14 11.0225
8.15 11.0366
8.16 11.0506
8.17 11.0647
8.18 11.0792
8.19 11.0942
8.2 11.1094
8.21 11.125
8.22 11.1406
8.23 11.1563
8.24 11.1719
8.25 11.1873
8.26 11.2028
8.27 11.2184
8.28 11.234
8.29 11.2499
8.3 11.2659
8.31 11.2822
8.32 11.2988
8.33 11.3158
8.34 11.3328
8.35 11.3498
8.36 11.3666
8.37 11.3827
8.38 11.3983
8.39 11.4134
8.4 11.4283
8.41 11.443
8.42 11.4577
8.43 11.4723
8.44 11.4868
8.45 11.5013
8.46 11.5158
8.47 11.5302
8.48 11.5443
8.49 11.558
8.5 11.5714
8.51 11.5846
8.52 11.5977
8.53 11.6106
8.54 11.6236
8.55 11.6366
8.56 11.6498
8.57 11.6631
8.58 11.6764
8.59 11.6898
8.6 11.7033
8.61 11.7167
8.62 11.7302
8.63 11.7437
8.64 11.7574
8.65 11.7714
8.66 11.7856
8.67 11.8001
8.68 11.8148
8.69 11.8295
8.7 11.8444
8.71 11.8592
8.72 11.874
8.73 11.8887
8.74 11.9031
8.75 11.9172
8.76 11.9309
8.77 11.9443
8.78 11.9574
8.79 11.9704
8.8 11.9832
8.81 11.996
8.82 12.0087
8.83 12.0213
8.84 12.0338
8.85 12.0462
8.86 12.0586
8.87 12.0708
8.88 12.0831
8.89 12.0954
8.9 12.108
8.91 12.1206
8.92 12.1334
8.93 12.1461
8.94 12.1587
8.95 12.1712
8.96 12.1838
8.97 12.1963
8.98 12.2091
8.99 12.2221
9 12.2355
9.01 12.2492
9.02 12.2632
9.03 12.2775
9.04 12.292
9.05 12.3063
9.06 12.3205
9.07 12.3347
9.08 12.3486
9.09 12.3624
9.1 12.3761
9.11 12.3898
9.12 12.4034
9.13 12.4169
9.14 12.4303
9.15 12.4437
9.16 12.4569
9.17 12.47
9.18 12.4831
9.19 12.4963
9.2 12.5098
9.21 12.5238
9.22 12.5383
9.23 12.5531
9.24 12.5682
9.25 12.5834
9.26 12.5985
9.27 12.6137
9.28 12.6289
9.29 12.6443
9.3 12.6598
9.31 12.6754
9.32 12.6911
9.33 12.7066
9.34 12.7219
9.35 12.7368
9.36 12.7514
9.37 12.7658
9.38 12.78
9.39 12.794
9.4 12.8077
9.41 12.8214
9.42 12.8349
9.43 12.8482
9.44 12.8613
9.45 12.8742
9.46 12.8865
9.47 12.8985
9.48 12.9104
9.49 12.9224
9.5 12.9346
9.51 12.9469
9.52 12.9592
9.53 12.9713
9.54 12.9829
9.55 12.9941
9.56 13.0048
9.57 13.0151
9.58 13.0253
9.59 13.0352
9.6 13.0449
9.61 13.0546
9.62 13.0644
9.63 13.0746
9.64 13.0853
9.65 13.0967
9.66 13.1089
9.67 13.1217
9.68 13.135
9.69 13.1486
9.7 13.1623
9.71 13.1763
9.72 13.1904
9.73 13.2047
9.74 13.2193
9.75 13.234
9.76 13.2488
9.77 13.2637
9.78 13.2785
9.79 13.2933
9.8 13.3081
9.81 13.3228
9.82 13.3374
9.83 13.352
9.84 13.3667
9.85 13.3814
9.86 13.3961
9.87 13.4106
9.88 13.4248
9.89 13.4389
9.9 13.4531
9.91 13.4674
9.92 13.4819
9.93 13.4963
9.94 13.5105
9.95 13.5244
9.96 13.5378
9.97 13.5507
9.98 13.5633
9.99 13.5756
10 13.5876
10.01 13.5994
10.02 13.6112
10.03 13.623
10.04 13.635
10.05 13.6473
10.06 13.6599
10.07 13.6727
10.08 13.6857
10.09 13.6987
10.1 13.7117
10.11 13.7247
10.12 13.7376
10.13 13.7503
10.14 13.7629
10.15 13.7753
10.16 13.7874
10.17 13.7993
10.18 13.8108
10.19 13.822
10.2 13.833
10.21 13.844
10.22 13.8551
10.23 13.8662
10.24 13.8773
10.25 13.8884
10.26 13.8994
10.27 13.9105
10.28 13.9218
10.29 13.9336
10.3 13.9459
10.31 13.9588
10.32 13.9723
10.33 13.9863
10.34 14.0006
10.35 14.0152
10.36 14.0298
10.37 14.0447
10.38 14.0599
10.39 14.0752
10.4 14.0906
10.41 14.1058
10.42 14.1208
10.43 14.1357
10.44 14.1506
10.45 14.1655
10.46 14.1803
10.47 14.1951
10.48 14.2096
10.49 14.2237
10.5 14.2374
10.51 14.2505
10.52 14.2631
10.53 14.2751
10.54 14.2868
10.55 14.2981
10.56 14.3093
10.57 14.3204
10.58 14.3315
10.59 14.3427
10.6 14.3542
10.61 14.3661
10.62 14.3784
10.63 14.3911
10.64 14.4041
10.65 14.4173
10.66 14.4307
10.67 14.4441
10.68 14.4574
10.69 14.4705
10.7 14.4834
10.71 14.4962
10.72 14.5087
10.73 14.5211
10.74 14.5336
10.75 14.5464
10.76 14.5597
10.77 14.5735
10.78 14.588
10.79 14.6031
10.8 14.6189
10.81 14.635
10.82 14.6515
10.83 14.6679
10.84 14.6842
10.85 14.7002
10.86 14.7159
10.87 14.7312
10.88 14.7462
10.89 14.7612
10.9 14.7762
10.91 14.7912
10.92 14.806
10.93 14.8206
10.94 14.8349
10.95 14.8491
10.96 14.8633
10.97 14.8776
10.98 14.892
10.99 14.9067
11 14.9215
11.01 14.9364
11.02 14.9513
11.03 14.9662
11.04 14.9806
11.05 14.9946
11.06 15.0082
11.07 15.0215
11.08 15.0346
11.09 15.0478
11.1 15.0609
11.11 15.0741
11.12 15.0872
11.13 15.1
11.14 15.1124
11.15 15.1245
11.16 15.1362
11.17 15.1477
11.18 15.1592
11.19 15.1709
11.2 15.1828
11.21 15.1951
11.22 15.2079
11.23 15.2211
11.24 15.2349
11.25 15.2493
11.26 15.2642
11.27 15.2797
11.28 15.2956
11.29 15.3118
11.3 15.3283
11.31 15.345
11.32 15.3618
11.33 15.3786
11.34 15.395
11.35 15.4111
11.36 15.4265
11.37 15.4416
11.38 15.4562
11.39 15.4705
11.4 15.4844
11.41 15.4979
11.42 15.5112
11.43 15.5243
11.44 15.5374
11.45 15.5509
11.46 15.5649
11.47 15.5794
11.48 15.5944
11.49 15.6096
11.5 15.6249
11.51 15.6402
11.52 15.6556
11.53 15.6709
11.54 15.6861
11.55 15.701
11.56 15.7155
11.57 15.7296
11.58 15.7434
11.59 15.7571
11.6 15.771
11.61 15.7851
11.62 15.7995
11.63 15.8142
11.64 15.8294
11.65 15.8449
11.66 15.861
11.67 15.8774
11.68 15.8943
11.69 15.9115
