0 0.989789
0.01 1.15055
0.02 1.47341
0.03 1.78498
0.04 1.99617
0.05 2.1078
0.06 2.15252
0.07 2.16141
0.08 2.15645
0.09 2.14989
0.1 2.14523
0.11 2.14308
0.12 2.14471
0.13 2.14661
0.14 2.1447
0.15 2.13759
0.16 2.12624
0.17 2.11761
0.18 2.11494
0.19 2.1119
0.2 2.10441
0.21 2.09596
0.22 2.09382
0.23 2.10539
0.24 2.12289
0.25 2.13544
0.26 2.14268
0.27 2.14161
0.28 2.13485
0.29 2.13297
0.3 2.13717
0.31 2.14353
0.32 2.14695
0.33 2.14504
0.34 2.13479
0.35 2.1227
0.36 2.11696
0.37 2.11736
0.38 2.11855
0.39 2.11885
0.4 2.12079
0.41 2.1255
0.42 2.13474
0.43 2.14472
0.44 2.14423
0.45 2.13978
0.46 2.14062
0.47 2.14247
0.48 2.14199
0.49 2.13677
0.5 2.12759
0.51 2.11983
0.52 2.11802
0.53 2.12473
0.54 2.1317
0.55 2.13333
0.56 2.13353
0.57 2.13421
0.58 2.13581
0.59 2.13862
0.6 2.14191
0.61 2.14511
0.62 2.14768
0.63 2.15019
0.64 2.15042
0.65 2.14373
0.66 2.13555
0.67 2.13721
0.68 2.14517
0.69 2.15164
0.7 2.15236
0.71 2.15001
0.72 2.14736
0.73 2.14362
0.74 2.13994
0.75 2.13497
0.76 2.12845
0.77 2.124
0.78 2.12291
0.79 2.12325
0.8 2.12474
0.81 2.12525
0.82 2.12179
0.83 2.11398
0.84 2.10897
0.85 2.11186
0.86 2.1153
0.87 2.11601
0.88 2.12331
0.89 2.13555
0.9 2.14419
0.91 2.14601
0.92 2.14314
0.93 2.13715
0.94 2.13328
0.95 2.13477
0.96 2.1394
0.97 2.14721
0.98 2.1534
0.99 2.15486
1 2.15452
1.01 2.15503
1.02 2.15704
1.03 2.16018
1.04 2.16217
1.05 2.16288
1.06 2.15885
1.07 2.15158
1.08 2.14612
1.09 2.14107
1.1 2.13775
1.11 2.13573
1.12 2.13213
1.13 2.12897
1.14 2.12737
1.15 2.12774
1.16 2.12997
1.17 2.13011
1.18 2.12901
1.19 2.12947
1.2 2.13228
1.21 2.13561
1.22 2.13932
1.23 2.14192
1.24 2.14077
1.25 2.13352
1.26 2.12399
1.27 2.1213
1.28 2.12802
1.29 2.13659
1.3 2.14124
1.31 2.14578
1.32 2.15299
1.33 2.1578
1.34 2.15448
1.35 2.14476
1.36 2.13974
1.37 2.14323
1.38 2.14586
1.39 2.14288
1.4 2.14071
1.41 2.14471
1.42 2.15033
1.43 2.15229
1.44 2.15228
1.45 2.15456
1.46 2.15965
1.47 2.16068
1.48 2.153
1.49 2.14012
1.5 2.12856
1.51 2.11977
1.52 2.11498
1.53 2.11266
1.54 2.11314
1.55 2.12247
1.56 2.13664
1.57 2.14236
1.58 2.1382
1.59 2.1295
1.6 2.12009
1.61 2.12013
1.62 2.13403
1.63 2.15193
1.64 2.1605
1.65 2.15569
1.66 2.14157
1.67 2.12855
1.68 2.12279
1.69 2.12754
1.7 2.13752
1.71 2.14112
1.72 2.13262
1.73 2.11907
1.74 2.11543
1.75 2.12443
1.76 2.13563
1.77 2.14127
1.78 2.13982
1.79 2.13786
1.8 2.14393
1.81 2.15533
1.82 2.16116
1.83 2.15695
1.84 2.14822
1.85 2.14475
1.86 2.14775
1.87 2.15137
1.88 2.15222
1.89 2.14992
1.9 2.14496
1.91 2.13819
1.92 2.13692
1.93 2.14043
1.94 2.14524
1.95 2.15357
1.96 2.15882
1.97 2.16006
1.98 2.16072
1.99 2.1597
2 2.15581
2.01 2.15491
2.02 2.15793
2.03 2.15719
2.04 2.1546
2.05 2.15011
2.06 2.14052
2.07 2.12975
2.08 2.12491
2.09 2.13047
2.1 2.13728
2.11 2.13486
2.12 2.1292
2.13 2.12883
2.14 2.13158
2.15 2.13254
2.16 2.13352
2.17 2.13645
2.18 2.14091
2.19 2.14679
2.2 2.14874
2.21 2.14642
2.22 2.14511
2.23 2.14824
2.24 2.15272
2.25 2.15165
2.26 2.14648
2.27 2.14356
2.28 2.14614
2.29 2.14844
2.3 2.14867
2.31 2.14768
2.32 2.14458
2.33 2.14201
2.34 2.13865
2.35 2.13266
2.36 2.12898
2.37 2.12831
2.38 2.13033
2.39 2.13626
2.4 2.14066
2.41 2.14318
2.42 2.14798
2.43 2.1529
2.44 2.15209
2.45 2.14696
2.46 2.14304
2.47 2.14229
2.48 2.14307
2.49 2.14145
2.5 2.14125
2.51 2.14306
2.52 2.14215
2.53 2.14186
2.54 2.14426
2.55 2.1473
2.56 2.14951
2.57 2.14808
2.58 2.14563
2.59 2.14732
2.6 2.14769
2.61 2.14297
2.62 2.13632
2.63 2.13414
2.64 2.13924
2.65 2.14693
2.66 2.1516
2.67 2.15416
2.68 2.15458
2.69 2.15275
2.7 2.14986
2.71 2.14741
2.72 2.14641
2.73 2.1481
2.74 2.15396
2.75 2.1544
2.76 2.15002
2.77 2.14939
2.78 2.14828
2.79 2.14115
2.8 2.13499
2.81 2.1363
2.82 2.14287
2.83 2.1474
2.84 2.14765
2.85 2.14377
2.86 2.1312
2.87 2.11256
2.88 2.10472
2.89 2.11183
2.9 2.12759
2.91 2.14083
2.92 2.14333
2.93 2.13973
2.94 2.13597
2.95 2.1326
2.96 2.13346
2.97 2.13413
2.98 2.13099
2.99 2.12553
3 2.1206
3.01 2.11787
3.02 2.11938
3.03 2.13123
3.04 2.14816
3.05 2.15889
3.06 2.1609
3.07 2.15837
3.08 2.15589
3.09 2.15205
3.1 2.14859
3.11 2.14667
3.12 2.14147
3.13 2.13492
3.14 2.13034
3.15 2.134
3.16 2.14591
3.17 2.15514
3.18 2.15228
3.19 2.14272
3.2 2.13658
3.21 2.13529
3.22 2.13529
3.23 2.13149
3.24 2.12491
3.25 2.11936
3.26 2.11633
3.27 2.12003
3.28 2.1261
3.29 2.12535
3.3 2.11777
3.31 2.11252
3.32 2.11568
3.33 2.12629
3.34 2.13762
3.35 2.14168
3.36 2.13712
3.37 2.13333
3.38 2.13621
3.39 2.14085
3.4 2.14577
3.41 2.14978
3.42 2.15329
3.43 2.15396
3.44 2.14887
3.45 2.14261
3.46 2.13981
3.47 2.14578
3.48 2.15375
3.49 2.15652
3.5 2.15489
3.51 2.153
3.52 2.15644
3.53 2.15931
3.54 2.15628
3.55 2.1509
3.56 2.14781
3.57 2.14728
3.58 2.14643
3.59 2.14065
3.6 2.13066
3.61 2.12375
3.62 2.12489
3.63 2.13147
3.64 2.13685
3.65 2.13698
3.66 2.13418
3.67 2.13264
3.68 2.13561
3.69 2.13949
3.7 2.13567
3.71 2.13103
3.72 2.13626
3.73 2.14581
3.74 2.15207
3.75 2.14973
3.76 2.14215
3.77 2.13784
3.78 2.13419
3.79 2.1299
3.8 2.13141
3.81 2.13846
3.82 2.14277
3.83 2.14178
3.84 2.14091
3.85 2.14082
3.86 2.13788
3.87 2.13234
3.88 2.1268
3.89 2.12341
3.9 2.12581
3.91 2.13405
3.92 2.14422
3.93 2.15255
3.94 2.15534
3.95 2.15148
3.96 2.14404
3.97 2.13407
3.98 2.12696
3.99 2.12693
4 2.12794
4.01 2.13125
4.02 2.14105
4.03 2.15379
4.04 2.16057
4.05 2.15574
4.06 2.14455
4.07 2.13953
4.08 2.14089
4.09 2.14142
4.1 2.13993
4.11 2.13828
4.12 2.13493
4.13 2.13219
4.14 2.1324
4.15 2.13856
4.16 2.14531
4.17 2.14582
4.18 2.14797
4.19 2.15429
4.2 2.15425
4.21 2.14677
4.22 2.14056
4.23 2.13636
4.24 2.13588
4.25 2.14447
4.26 2.15099
4.27 2.15063
4.28 2.14731
4.29 2.1429
4.3 2.14248
4.31 2.14746
4.32 2.15217
4.33 2.15677
4.34 2.16107
4.35 2.16232
4.36 2.15812
4.37 2.15412
4.38 2.15569
4.39 2.15704
4.4 2.15103
4.41 2.14277
4.42 2.13755
4.43 2.13407
4.44 2.13058
4.45 2.12869
4.46 2.13149
4.47 2.13677
4.48 2.14297
4.49 2.14777
4.5 2.14315
4.51 2.1297
4.52 2.11866
4.53 2.11836
4.54 2.12496
4.55 2.13316
4.56 2.14144
4.57 2.14388
4.58 2.13883
4.59 2.13177
4.6 2.12799
4.61 2.12737
4.62 2.12946
4.63 2.1349
4.64 2.14457
4.65 2.14981
4.66 2.14727
4.67 2.14188
4.68 2.13924
4.69 2.13975
4.7 2.1414
4.71 2.14859
4.72 2.15577
4.73 2.15693
4.74 2.15258
4.75 2.14876
4.76 2.14518
4.77 2.1452
4.78 2.14995
4.79 2.15468
4.8 2.15408
4.81 2.14945
4.82 2.14642
4.83 2.14529
4.84 2.14399
4.85 2.14007
4.86 2.13574
4.87 2.13636
4.88 2.14413
4.89 2.14988
4.9 2.15053
4.91 2.14582
4.92 2.13511
4.93 2.12272
4.94 2.11686
4.95 2.12619
4.96 2.14294
4.97 2.15521
4.98 2.16293
4.99 2.1688
5 2.16892
5.01 2.16185
5.02 2.15216
5.03 2.14628
5.04 2.14588
5.05 2.14318
5.06 2.13881
5.07 2.13537
5.08 2.13379
5.09 2.13187
5.1 2.12944
5.11 2.12816
5.12 2.12702
5.13 2.12949
5.14 2.1338
5.15 2.13639
5.16 2.13422
5.17 2.12948
5.18 2.12859
5.19 2.13381
5.2 2.14291
5.21 2.15207
5.22 2.15657
5.23 2.14993
5.24 2.13782
5.25 2.12819
5.26 2.12474
5.27 2.12669
5.28 2.12571
5.29 2.12041
5.3 2.12108
5.31 2.12865
5.32 2.13641
5.33 2.14261
5.34 2.14773
5.35 2.14872
5.36 2.14537
5.37 2.14094
5.38 2.13915
5.39 2.14493
5.4 2.14868
5.41 2.13939
5.42 2.12676
5.43 2.12282
5.44 2.12292
5.45 2.12413
5.46 2.12493
5.47 2.1254
5.48 2.12637
5.49 2.13004
5.5 2.13664
5.51 2.14364
5.52 2.14674
5.53 2.14576
5.54 2.14343
5.55 2.14118
5.56 2.13878
5.57 2.14054
5.58 2.14834
5.59 2.15616
5.6 2.16057
5.61 2.1605
5.62 2.15679
5.63 2.15063
5.64 2.14324
5.65 2.13696
5.66 2.13347
5.67 2.13258
5.68 2.13482
5.69 2.13919
5.7 2.14087
5.71 2.13839
5.72 2.14048
5.73 2.14624
5.74 2.14742
5.75 2.14038
5.76 2.12844
5.77 2.11995
5.78 2.11545
5.79 2.11244
5.8 2.1154
5.81 2.12099
5.82 2.12216
5.83 2.1248
5.84 2.13365
5.85 2.141
5.86 2.14209
5.87 2.13539
5.88 2.12289
5.89 2.11624
5.9 2.1187
5.91 2.12274
5.92 2.12958
5.93 2.14141
5.94 2.15039
5.95 2.15526
5.96 2.15784
5.97 2.15852
5.98 2.16179
5.99 2.16958
6 2.17402
6.01 2.1705
6.02 2.1615
6.03 2.14845
6.04 2.13507
6.05 2.12307
6.06 2.11494
6.07 2.1125
6.08 2.11356
6.09 2.11601
6.1 2.12481
6.11 2.13897
6.12 2.14891
6.13 2.15006
6.14 2.14264
6.15 2.13802
6.16 2.13951
6.17 2.13974
6.18 2.13725
6.19 2.13818
6.2 2.1445
6.21 2.14665
6.22 2.14242
6.23 2.1365
6.24 2.13314
6.25 2.1313
6.26 2.13067
6.27 2.13114
6.28 2.13265
6.29 2.13501
6.3 2.13449
6.31 2.12811
6.32 2.1228
6.33 2.1246
6.34 2.12981
6.35 2.13323
6.36 2.13163
6.37 2.13019
6.38 2.13207
6.39 2.1348
6.4 2.13512
6.41 2.13483
6.42 2.13397
6.43 2.13422
6.44 2.13444
6.45 2.13152
6.46 2.13266
6.47 2.14266
6.48 2.15301
6.49 2.15551
6.5 2.15259
6.51 2.15044
6.52 2.15157
6.53 2.15532
6.54 2.15999
6.55 2.16129
6.56 2.15834
6.57 2.15523
6.58 2.1504
6.59 2.14504
6.6 2.14132
6.61 2.1369
6.62 2.12718
6.63 2.11666
6.64 2.11003
6.65 2.10951
6.66 2.11732
6.67 2.12982
6.68 2.14394
6.69 2.15636
6.7 2.16228
6.71 2.16208
6.72 2.15578
6.73 2.1454
6.74 2.13632
6.75 2.12985
6.76 2.11962
6.77 2.10912
6.78 2.10798
6.79 2.11802
6.8 2.13334
6.81 2.14408
6.82 2.1447
6.83 2.13784
6.84 2.13289
6.85 2.13301
6.86 2.13351
6.87 2.13299
6.88 2.1326
6.89 2.13271
6.9 2.13114
6.91 2.12691
6.92 2.12532
6.93 2.13541
6.94 2.1521
6.95 2.16304
6.96 2.15899
6.97 2.14837
6.98 2.14453
6.99 2.14479
7 2.1429
7.01 2.13494
7.02 2.12675
7.03 2.1276
7.04 2.13613
7.05 2.14444
7.06 2.14629
7.07 2.14129
7.08 2.13735
7.09 2.14201
7.1 2.15187
7.11 2.15506
7.12 2.15325
7.13 2.15617
7.14 2.15854
7.15 2.15382
7.16 2.14645
7.17 2.14047
7.18 2.14127
7.19 2.14325
7.2 2.14181
7.21 2.13811
7.22 2.13432
7.23 2.13154
7.24 2.12955
7.25 2.13045
7.26 2.13545
7.27 2.14118
7.28 2.14653
7.29 2.14678
7.3 2.14896
7.31 2.15849
7.32 2.16501
7.33 2.16027
7.34 2.15215
7.35 2.15247
7.36 2.15686
7.37 2.15403
7.38 2.14268
7.39 2.13118
7.4 2.12194
7.41 2.11725
7.42 2.1204
7.43 2.12798
7.44 2.1365
7.45 2.1476
7.46 2.15917
7.47 2.16355
7.48 2.15482
7.49 2.13976
7.5 2.13196
7.51 2.13415
7.52 2.14164
7.53 2.15245
7.54 2.1629
7.55 2.16847
7.56 2.16673
7.57 2.15951
7.58 2.15119
7.59 2.14089
7.6 2.13022
7.61 2.12413
7.62 2.11848
7.63 2.1139
7.64 2.11447
7.65 2.12031
7.66 2.12501
7.67 2.12758
7.68 2.12906
7.69 2.13131
7.7 2.13587
7.71 2.14792
7.72 2.15731
7.73 2.15565
7.74 2.14656
7.75 2.14395
7.76 2.15161
7.77 2.15977
7.78 2.16013
7.79 2.15098
7.8 2.1413
7.81 2.13642
7.82 2.13325
7.83 2.13045
7.84 2.12774
7.85 2.12921
7.86 2.13627
7.87 2.14388
7.88 2.14901
7.89 2.1495
7.9 2.14589
7.91 2.14131
7.92 2.13456
7.93 2.1255
7.94 2.11659
7.95 2.11397
7.96 2.11653
7.97 2.12432
7.98 2.13557
7.99 2.14375
8 2.14635
8.01 2.1472
8.02 2.14512
8.03 2.13883
8.04 2.13134
8.05 2.12313
8.06 2.11433
8.07 2.1129
8.08 2.11606
8.09 2.11877
8.1 2.12234
8.11 2.12591
8.12 2.12657
8.13 2.12148
8.14 2.11972
8.15 2.12438
8.16 2.12714
8.17 2.12612
8.18 2.12393
8.19 2.12018
8.2 2.11885
8.21 2.12631
8.22 2.13846
8.23 2.14536
8.24 2.1442
8.25 2.14268
8.26 2.14317
8.27 2.14153
8.28 2.14036
8.29 2.1432
8.3 2.1468
8.31 2.1483
8.32 2.14622
8.33 2.14172
8.34 2.13715
8.35 2.13152
8.36 2.123
8.37 2.11598
8.38 2.11578
8.39 2.12253
8.4 2.12994
8.41 2.13218
8.42 2.13436
8.43 2.1395
8.44 2.14035
8.45 2.13774
8.46 2.14006
8.47 2.14609
8.48 2.15548
8.49 2.1618
8.5 2.15474
8.51 2.13816
8.52 2.1233
8.53 2.11639
8.54 2.11868
8.55 2.12974
8.56 2.13804
8.57 2.13693
8.58 2.13099
8.59 2.12739
8.6 2.12575
8.61 2.12075
8.62 2.11783
8.63 2.12216
8.64 2.12979
8.65 2.13206
8.66 2.12931
8.67 2.12508
8.68 2.12072
8.69 2.11872
8.7 2.1187
8.71 2.11892
8.72 2.11724
8.73 2.11445
8.74 2.11411
8.75 2.12146
8.76 2.13832
8.77 2.15452
8.78 2.15588
8.79 2.14137
8.8 2.12887
8.81 2.12855
8.82 2.12975
8.83 2.126
8.84 2.12329
8.85 2.12554
8.86 2.13045
8.87 2.13556
8.88 2.14282
8.89 2.15673
8.9 2.16723
8.91 2.16493
8.92 2.15504
8.93 2.14649
8.94 2.14246
8.95 2.14271
8.96 2.14741
8.97 2.1501
8.98 2.1444
8.99 2.13736
9 2.13975
9.01 2.14657
9.02 2.14714
9.03 2.1417
9.04 2.13922
9.05 2.14452
9.06 2.14838
9.07 2.14888
9.08 2.15099
9.09 2.15443
9.1 2.15671
9.11 2.15157
9.12 2.14493
9.13 2.14409
9.14 2.14835
9.15 2.153
9.16 2.1554
9.17 2.15673
9.18 2.15693
9.19 2.15828
9.2 2.16187
9.21 2.16365
9.22 2.15792
9.23 2.14489
9.24 2.13055
9.25 2.1208
9.26 2.12081
9.27 2.12525
9.28 2.12948
9.29 2.13267
9.3 2.1354
9.31 2.13933
9.32 2.14287
9.33 2.14371
9.34 2.14285
9.35 2.14034
9.36 2.13491
9.37 2.13096
9.38 2.13027
9.39 2.13183
9.4 2.1355
9.41 2.13661
9.42 2.13437
9.43 2.13355
9.44 2.13778
9.45 2.14205
9.46 2.14124
9.47 2.13768
9.48 2.13083
9.49 2.12355
9.5 2.11912
9.51 2.12415
9.52 2.13511
9.53 2.14133
9.54 2.13756
9.55 2.12831
9.56 2.12015
9.57 2.11624
9.58 2.11671
9.59 2.11921
9.6 2.12512
9.61 2.1289
9.62 2.12605
9.63 2.11996
9.64 2.11633
9.65 2.11989
9.66 2.13029
9.67 2.14053
9.68 2.14581
9.69 2.14807
9.7 2.15188
9.71 2.15352
9.72 2.15021
9.73 2.1467
9.74 2.14317
9.75 2.14333
9.76 2.14628
9.77 2.14586
9.78 2.14058
9.79 2.13448
9.8 2.13193
9.81 2.1345
9.82 2.14144
9.83 2.1456
9.84 2.14343
9.85 2.13727
9.86 2.1256
9.87 2.1186
9.88 2.12477
9.89 2.13302
9.9 2.13343
9.91 2.13024
9.92 2.13063
9.93 2.13043
9.94 2.12505
9.95 2.11977
9.96 2.11686
9.97 2.11599
9.98 2.11775
9.99 2.12054
10 2.12509
10.01 2.12949
10.02 2.12691
10.03 2.12095
10.04 2.12115
10.05 2.12455
10.06 2.1264
10.07 2.1264
10.08 2.12735
10.09 2.12709
10.1 2.129
10.11 2.1378
10.12 2.1438
10.13 2.13884
10.14 2.13124
10.15 2.12808
10.16 2.12832
10.17 2.13437
10.18 2.13956
10.19 2.14484
10.2 2.14489
10.21 2.1376
10.22 2.13102
10.23 2.12599
10.24 2.12191
10.25 2.12669
10.26 2.13669
10.27 2.1401
10.28 2.13919
10.29 2.1448
10.3 2.15467
10.31 2.15824
10.32 2.15416
10.33 2.14779
10.34 2.14828
10.35 2.15811
10.36 2.16736
10.37 2.1684
10.38 2.16339
10.39 2.15641
10.4 2.15015
10.41 2.14899
10.42 2.15049
10.43 2.152
10.44 2.15112
10.45 2.14994
10.46 2.15233
10.47 2.15754
10.48 2.15691
10.49 2.15074
10.5 2.14543
10.51 2.14313
10.52 2.14032
10.53 2.1339
10.54 2.12846
10.55 2.12526
10.56 2.12823
10.57 2.1377
10.58 2.14744
10.59 2.15148
10.6 2.1479
10.61 2.13928
10.62 2.12985
10.63 2.12726
10.64 2.13308
10.65 2.13653
10.66 2.13032
10.67 2.12162
10.68 2.1244
10.69 2.13489
10.7 2.14317
10.71 2.14747
10.72 2.14464
10.73 2.13153
10.74 2.12164
10.75 2.12722
10.76 2.13825
10.77 2.1415
10.78 2.14014
10.79 2.13914
10.8 2.13943
10.81 2.14504
10.82 2.15189
10.83 2.15105
10.84 2.1443
10.85 2.13846
10.86 2.13576
10.87 2.13415
10.88 2.13417
10.89 2.13457
10.9 2.13508
10.91 2.13289
10.92 2.12995
10.93 2.13022
10.94 2.13549
10.95 2.1435
10.96 2.15043
10.97 2.15125
10.98 2.143
10.99 2.13057
11 2.12831
11.01 2.13354
11.02 2.13333
11.03 2.13052
11.04 2.13306
11.05 2.13747
11.06 2.13878
11.07 2.13799
11.08 2.1369
11.09 2.13838
11.1 2.14047
11.11 2.13571
11.12 2.12729
11.13 2.12701
11.14 2.13378
11.15 2.14516
11.16 2.1521
11.17 2.1493
11.18 2.1457
11.19 2.14813
11.2 2.15244
11.21 2.15062
11.22 2.14057
11.23 2.13022
11.24 2.12693
11.25 2.12929
11.26 2.13592
11.27 2.14473
11.28 2.15282
11.29 2.15322
11.3 2.1446
11.31 2.13771
11.32 2.13808
11.33 2.14262
11.34 2.14971
11.35 2.1559
11.36 2.15859
11.37 2.15387
11.38 2.14271
11.39 2.1334
11.4 2.13476
11.41 2.1435
11.42 2.15192
11.43 2.15617
11.44 2.16007
11.45 2.16386
11.46 2.16548
11.47 2.16292
11.48 2.15816
11.49 2.15355
11.5 2.1496
11.51 2.1447
11.52 2.14231
11.53 2.14781
11.54 2.15693
11.55 2.16372
11.56 2.16522
11.57 2.16147
11.58 2.15309
11.59 2.14334
11.6 2.13691
11.61 2.135
11.62 2.13545
11.63 2.13722
11.64 2.14043
11.65 2.14353
11.66 2.14527
11.67 2.14808
11.68 2.15408
11.69 2.15962
